{
	"auto_complete":
	{
		"selected_items":
		[
		]
	},
	"buffers":
	[
		{
			"file": "code/utils/sv_theme_template.R",
			"settings":
			{
				"buffer_size": 763,
				"encoding": "UTF-8",
				"line_ending": "Unix"
			}
		},
		{
			"file": "code/utils/functions.r",
			"settings":
			{
				"buffer_size": 46499,
				"encoding": "UTF-8",
				"line_ending": "Unix"
			}
		},
		{
			"file": "code/replication_random_start_gen.R",
			"settings":
			{
				"buffer_size": 1521,
				"encoding": "UTF-8",
				"line_ending": "Unix"
			}
		},
		{
			"file": "code/replication_random_start_bind.R",
			"settings":
			{
				"buffer_size": 4143,
				"encoding": "UTF-8",
				"line_ending": "Unix"
			}
		},
		{
			"file": "code/replication_v_vecs.R",
			"settings":
			{
				"buffer_size": 6306,
				"encoding": "UTF-8",
				"line_ending": "Unix"
			}
		},
		{
			"contents": "41  0.2724380 0.3331119 0.1385681 0.1837427 0.04687498 0.02526418\n42  0.2724997 0.3330845 0.1385681 0.1837935 0.04684070 0.02521345\n43  0.2725583 0.3330585 0.1385681 0.1837839 0.04680814 0.02522298\n44  0.2726140 0.3330337 0.1385681 0.1838326 0.04677720 0.02517430\n45  0.2726669 0.3330102 0.1385681 0.1838789 0.04674781 0.02512806\n46  0.2727172 0.3329879 0.1385681 0.1839228 0.04671989 0.02508413\n47  0.2727649 0.3329667 0.1385681 0.1839645 0.04669336 0.02504239\n48  0.2728103 0.3329465 0.1385681 0.1839464 0.04666816 0.02506048\n49  0.2728534 0.3329274 0.1385681 0.1839870 0.04664422 0.02501993\n50  0.2728943 0.3329092 0.1385681 0.1840255 0.04662148 0.02498140\n51  0.2729332 0.3328919 0.1385681 0.1840621 0.04659987 0.02494480\n52  0.2729701 0.3328755 0.1385681 0.1840392 0.04657935 0.02496777\n53  0.2730052 0.3328599 0.1385681 0.1840751 0.04655985 0.02493185\n54  0.2730386 0.3328450 0.1385681 0.1841092 0.04654133 0.02489773\n55  0.2730702 0.3328310 0.1385681 0.1841416 0.04652373 0.02486532\n56  0.2731003 0.3328176 0.1385681 0.1841147 0.04650701 0.02489226\n57  0.2731289 0.3328049 0.1385681 0.1841468 0.04649113 0.02486012\n58  0.2731561 0.3327928 0.1385681 0.1841773 0.04647604 0.02482958\n59  0.2731819 0.3327814 0.1385681 0.1842064 0.04646171 0.02480057\n60  0.2732064 0.3327705 0.1385681 0.1842339 0.04644809 0.02477302\n61  0.2732297 0.3327601 0.1385681 0.1842024 0.04643516 0.02480457\n62  0.2732518 0.3327503 0.1385681 0.1842301 0.04642287 0.02477682\n63  0.2732728 0.3327409 0.1385681 0.1842565 0.04641119 0.02475045\n64  0.2732928 0.3327321 0.1385681 0.1842815 0.04640010 0.02472539\n65  0.2733117 0.3327236 0.1385681 0.1842476 0.04638957 0.02475933\n66  0.2733297 0.3327156 0.1385681 0.1842731 0.04637956 0.02473384\n67  0.2733469 0.3327080 0.1385681 0.1842973 0.04637005 0.02470962\n68  0.2733631 0.3327008 0.1385681 0.1843203 0.04636101 0.02468661\n69  0.2733786 0.3326939 0.1385681 0.1842844 0.04635243 0.02472248\n70  0.2733932 0.3326874 0.1385681 0.1843081 0.04634428 0.02469883\n71  0.2734072 0.3326812 0.1385681 0.1843306 0.04633653 0.02467636\n72  0.2734204 0.3326753 0.1385681 0.1843519 0.04632918 0.02465501\n73  0.2734330 0.3326697 0.1385681 0.1843722 0.04632219 0.02463473\n74  0.2734450 0.3326644 0.1385681 0.1843337 0.04631555 0.02467321\n75  0.2734563 0.3326594 0.1385681 0.1843549 0.04630924 0.02465202\n76  0.2734671 0.3326546 0.1385681 0.1843750 0.04630324 0.02463189\n77  0.2734773 0.3326500 0.1385681 0.1843942 0.04629755 0.02461276\n78  0.2734871 0.3326457 0.1385681 0.1843546 0.04629214 0.02465233\n79  0.2734963 0.3326416 0.1385681 0.1843747 0.04628700 0.02463219\n80  0.2735051 0.3326377 0.1385681 0.1843939 0.04628212 0.02461305\n81  0.2735135 0.3326340 0.1385681 0.1844121 0.04627749 0.02459487\n82  0.2735214 0.3326305 0.1385681 0.1844293 0.04627308 0.02457760\n83  0.2735289 0.3326271 0.1385681 0.1843880 0.04626889 0.02461892\n84  0.2735361 0.3326239 0.1385681 0.1844065 0.04626492 0.02460045\n85  0.2735429 0.3326209 0.1385681 0.1844240 0.04626114 0.02458290\n86  0.2735493 0.3326180 0.1385681 0.1844407 0.04625755 0.02456622\n87  0.2735555 0.3326153 0.1385681 0.1843988 0.04625414 0.02460812\n88  0.2735613 0.3326127 0.1385681 0.1844167 0.04625091 0.02459019\n89  0.2735668 0.3326103 0.1385681 0.1844338 0.04624783 0.02457315\n90  0.2735721 0.3326079 0.1385681 0.1844500 0.04624491 0.02455696\n91  0.2735771 0.3326057 0.1385681 0.1844076 0.04624213 0.02459932\n92  0.2735818 0.3326036 0.1385681 0.1844251 0.04623949 0.02458183\n93  0.2735864 0.3326016 0.1385681 0.1844417 0.04623699 0.02456521\n94  0.2735906 0.3325997 0.1385681 0.1844575 0.04623461 0.02454942\n95  0.2735947 0.3325979 0.1385681 0.1844725 0.04623234 0.02453442\n96  0.2735986 0.3325962 0.1385681 0.1844290 0.04623020 0.02457790\n97  0.2736023 0.3325945 0.1385681 0.1844454 0.04622816 0.02456148\n98  0.2736057 0.3325930 0.1385681 0.1844611 0.04622622 0.02454588\n99  0.2736091 0.3325915 0.1385681 0.1844759 0.04622437 0.02453105\n100 0.2736122 0.3325901 0.1385681 0.1844322 0.04622262 0.02457471\n101 0.2736152 0.3325888 0.1385681 0.1844485 0.04622096 0.02455845\n102 0.2736180 0.3325875 0.1385681 0.1844639 0.04621938 0.02454299\n103 0.2736207 0.3325863 0.1385681 0.1844786 0.04621788 0.02452832\n104 0.2736233 0.3325852 0.1385681 0.1844348 0.04621646 0.02457211\n105 0.2736257 0.3325841 0.1385681 0.1844510 0.04621510 0.02455597\n106 0.2736281 0.3325831 0.1385681 0.1844663 0.04621382 0.02454065\n107 0.2736303 0.3325821 0.1385681 0.1844808 0.04621259 0.02452608\n108 0.2736324 0.3325812 0.1385681 0.1844947 0.04621143 0.02451225\n109 0.2736343 0.3325803 0.1385681 0.1844501 0.04621033 0.02455685\n110 0.2736362 0.3325794 0.1385681 0.1844655 0.04620928 0.02454148\n111 0.2736380 0.3325786 0.1385681 0.1844801 0.04620829 0.02452687\n112 0.2736397 0.3325779 0.1385681 0.1844939 0.04620734 0.02451300\n113 0.2736413 0.3325772 0.1385681 0.1844494 0.04620644 0.02455756\n114 0.2736429 0.3325765 0.1385681 0.1844648 0.04620559 0.02454215\n115 0.2736443 0.3325758 0.1385681 0.1844794 0.04620478 0.02452752\n116 0.2736457 0.3325752 0.1385681 0.1844933 0.04620401 0.02451361\n117 0.2736470 0.3325746 0.1385681 0.1844488 0.04620328 0.02455814\n118 0.2736483 0.3325741 0.1385681 0.1844642 0.04620258 0.02454270\n119 0.2736495 0.3325735 0.1385681 0.1844789 0.04620192 0.02452804\n120 0.2736506 0.3325730 0.1385681 0.1844928 0.04620130 0.02451411\n121 0.2736517 0.3325726 0.1385681 0.1845061 0.04620070 0.02450087\n122 0.2736527 0.3325721 0.1385681 0.1844609 0.04620013 0.02454604\n123 0.2736537 0.3325717 0.1385681 0.1844757 0.04619960 0.02453121\n124 0.2736546 0.3325713 0.1385681 0.1844898 0.04619908 0.02451712\n125 0.2736555 0.3325709 0.1385681 0.1845032 0.04619860 0.02450373\n126 0.2736563 0.3325705 0.1385681 0.1844582 0.04619814 0.02454875\n127 0.2736571 0.3325702 0.1385681 0.1844731 0.04619770 0.02453379\n128 0.2736578 0.3325698 0.1385681 0.1844874 0.04619728 0.02451957\n129 0.2736585 0.3325695 0.1385681 0.1845009 0.04619689 0.02450606\n130 0.2736592 0.3325692 0.1385681 0.1845137 0.04619651 0.02449323\n131 0.2736599 0.3325689 0.1385681 0.1844682 0.04619616 0.02453878\n132 0.2736605 0.3325687 0.1385681 0.1844826 0.04619582 0.02452431\n133 0.2736610 0.3325684 0.1385681 0.1844964 0.04619549 0.02451056\n134 0.2736616 0.3325682 0.1385681 0.1845094 0.04619519 0.02449751\n135 0.2736621 0.3325679 0.1385681 0.1844641 0.04619490 0.02454284\n136 0.2736626 0.3325677 0.1385681 0.1844788 0.04619462 0.02452817\n137 0.2736631 0.3325675 0.1385681 0.1844927 0.04619436 0.02451423\n138 0.2736635 0.3325673 0.1385681 0.1845059 0.04619411 0.02450099\n139 0.2736640 0.3325671 0.1385681 0.1844608 0.04619387 0.02454615\n140 0.2736644 0.3325669 0.1385681 0.1844756 0.04619365 0.02453131\n141 0.2736647 0.3325668 0.1385681 0.1844897 0.04619344 0.02451722\n142 0.2736651 0.3325666 0.1385681 0.1845031 0.04619323 0.02450383\n143 0.2736655 0.3325664 0.1385681 0.1845158 0.04619304 0.02449111\n144 0.2736658 0.3325663 0.1385681 0.1844702 0.04619286 0.02453676\n145 0.2736661 0.3325662 0.1385681 0.1844845 0.04619268 0.02452239\n146 0.2736664 0.3325660 0.1385681 0.1844982 0.04619252 0.02450875\n147 0.2736667 0.3325659 0.1385681 0.1845111 0.04619236 0.02449578\n148 0.2736670 0.3325658 0.1385681 0.1844657 0.04619221 0.02454120\n149 0.2736672 0.3325657 0.1385681 0.1844803 0.04619207 0.02452661\n150 0.2736675 0.3325656 0.1385681 0.1844942 0.04619193 0.02451275\n151 0.2736677 0.3325655 0.1385681 0.1845073 0.04619181 0.02449958\n152 0.2736679 0.3325654 0.1385681 0.1844621 0.04619169 0.02454481\n153 0.2736681 0.3325653 0.1385681 0.1844769 0.04619157 0.02453004\n154 0.2736683 0.3325652 0.1385681 0.1844909 0.04619146 0.02451601\n155 0.2736685 0.3325651 0.1385681 0.1845042 0.04619136 0.02450268\n156 0.2736687 0.3325650 0.1385681 0.1845169 0.04619126 0.02449002\n157 0.2736688 0.3325649 0.1385681 0.1844712 0.04619116 0.02453573\n158 0.2736690 0.3325649 0.1385681 0.1844855 0.04619107 0.02452141\n159 0.2736692 0.3325648 0.1385681 0.1844991 0.04619099 0.02450781\n160 0.2736693 0.3325647 0.1385681 0.1845120 0.04619091 0.02449489\n161 0.2736694 0.3325647 0.1385681 0.1844666 0.04619083 0.02454036\n162 0.2736696 0.3325646 0.1385681 0.1844811 0.04619076 0.02452581\n163 0.2736697 0.3325646 0.1385681 0.1844949 0.04619069 0.02451199\n164 0.2736698 0.3325645 0.1385681 0.1845081 0.04619062 0.02449886\n165 0.2736699 0.3325645 0.1385681 0.1845205 0.04619056 0.02448639\n166 0.2736700 0.3325644 0.1385681 0.1844747 0.04619050 0.02453228\n167 0.2736701 0.3325644 0.1385681 0.1844888 0.04619045 0.02451813\n168 0.2736702 0.3325643 0.1385681 0.1845022 0.04619039 0.02450470\n169 0.2736703 0.3325643 0.1385681 0.1845150 0.04619034 0.02449194\n170 0.2736704 0.3325642 0.1385681 0.1844694 0.04619029 0.02453755\n171 0.2736705 0.3325642 0.1385681 0.1844838 0.04619025 0.02452314\n172 0.2736706 0.3325642 0.1385681 0.1844975 0.04619020 0.02450945\n173 0.2736706 0.3325641 0.1385681 0.1845105 0.04619016 0.02449645\n174 0.2736707 0.3325641 0.1385681 0.1844651 0.04619012 0.02454184\n175 0.2736708 0.3325641 0.1385681 0.1844797 0.04619009 0.02452722\n176 0.2736708 0.3325640 0.1385681 0.1844936 0.04619005 0.02451333\n177 0.2736709 0.3325640 0.1385681 0.1845068 0.04619002 0.02450013\n178 0.2736710 0.3325640 0.1385681 0.1845193 0.04618998 0.02448760\n179 0.2736710 0.3325640 0.1385681 0.1844735 0.04618995 0.02453342\n180 0.2736711 0.3325639 0.1385681 0.1844877 0.04618993 0.02451922\n181 0.2736711 0.3325639 0.1385681 0.1845012 0.04618990 0.02450573\n182 0.2736712 0.3325639 0.1385681 0.1845140 0.04618987 0.02449292\n183 0.2736712 0.3325639 0.1385681 0.1844684 0.04618985 0.02453848\n184 0.2736713 0.3325639 0.1385681 0.1844829 0.04618982 0.02452403\n185 0.2736713 0.3325639 0.1385681 0.1844966 0.04618980 0.02451030\n186 0.2736713 0.3325638 0.1385681 0.1845097 0.04618978 0.02449725\n187 0.2736714 0.3325638 0.1385681 0.1844643 0.04618976 0.02454260\n188 0.2736714 0.3325638 0.1385681 0.1844790 0.04618974 0.02452794\n189 0.2736714 0.3325638 0.1385681 0.1844929 0.04618972 0.02451401\n190 0.2736715 0.3325638 0.1385681 0.1845061 0.04618971 0.02450078\n191 0.2736715 0.3325638 0.1385681 0.1845187 0.04618969 0.02448822\n192 0.2736715 0.3325637 0.1385681 0.1844729 0.04618967 0.02453401\n193 0.2736715 0.3325637 0.1385681 0.1844871 0.04618966 0.02451978\n194 0.2736716 0.3325637 0.1385681 0.1845007 0.04618964 0.02450627\n195 0.2736716 0.3325637 0.1385681 0.1845135 0.04618963 0.02449342\n196 0.2736716 0.3325637 0.1385681 0.1844680 0.04618962 0.02453896\n197 0.2736716 0.3325637 0.1385681 0.1844824 0.04618961 0.02452448\n198 0.2736717 0.3325637 0.1385681 0.1844962 0.04618959 0.02451073\n199 0.2736717 0.3325637 0.1385681 0.1845093 0.04618958 0.02449767\n200 0.2736717 0.3325637 0.1385681 0.1844639 0.04618957 0.02454299\n201 0.2736717 0.3325637 0.1385681 0.1844786 0.04618956 0.02452831\n202 0.2736717 0.3325637 0.1385681 0.1844926 0.04618955 0.02451437\n203 0.2736718 0.3325636 0.1385681 0.1845058 0.04618955 0.02450112\n204 0.2736718 0.3325636 0.1385681 0.1845184 0.04618954 0.02448853\n205 0.2736718 0.3325636 0.1385681 0.1844726 0.04618953 0.02453432\n206 0.2736718 0.3325636 0.1385681 0.1844869 0.04618952 0.02452007\n207 0.2736718 0.3325636 0.1385681 0.1845004 0.04618951 0.02450654\n208 0.2736718 0.3325636 0.1385681 0.1845132 0.04618951 0.02449368\n209 0.2736718 0.3325636 0.1385681 0.1844677 0.04618950 0.02453921\n210 0.2736718 0.3325636 0.1385681 0.1844822 0.04618949 0.02452472\n211 0.2736719 0.3325636 0.1385681 0.1844960 0.04618949 0.02451095\n212 0.2736719 0.3325636 0.1385681 0.1845091 0.04618948 0.02449788\n213 0.2736719 0.3325636 0.1385681 0.1845215 0.04618948 0.02448545\n214 0.2736719 0.3325636 0.1385681 0.1844755 0.04618947 0.02453139\n215 0.2736719 0.3325636 0.1385681 0.1844896 0.04618947 0.02451729\n216 0.2736719 0.3325636 0.1385681 0.1845030 0.04618946 0.02450390\n217 0.2736719 0.3325636 0.1385681 0.1845158 0.04618946 0.02449117\n218 0.2736719 0.3325636 0.1385681 0.1844701 0.04618945 0.02453682\n219 0.2736719 0.3325636 0.1385681 0.1844845 0.04618945 0.02452245\n220 0.2736719 0.3325636 0.1385681 0.1844981 0.04618945 0.02450880\n221 0.2736719 0.3325636 0.1385681 0.1845111 0.04618944 0.02449583\n222 0.2736719 0.3325636 0.1385681 0.1844657 0.04618944 0.02454125\n223 0.2736719 0.3325636 0.1385681 0.1844803 0.04618944 0.02452666\n224 0.2736720 0.3325636 0.1385681 0.1844941 0.04618943 0.02451280\n225 0.2736720 0.3325636 0.1385681 0.1845073 0.04618943 0.02449963\n226 0.2736720 0.3325636 0.1385681 0.1845198 0.04618943 0.02448712\n227 0.2736720 0.3325635 0.1385681 0.1844740 0.04618943 0.02453297\n228 0.2736720 0.3325635 0.1385681 0.1844881 0.04618942 0.02451879\n229 0.2736720 0.3325635 0.1385681 0.1845016 0.04618942 0.02450532\n230 0.2736720 0.3325635 0.1385681 0.1845144 0.04618942 0.02449253\n231 0.2736720 0.3325635 0.1385681 0.1844688 0.04618942 0.02453811\n232 0.2736720 0.3325635 0.1385681 0.1844833 0.04618941 0.02452367\n233 0.2736720 0.3325635 0.1385681 0.1844970 0.04618941 0.02450996\n234 0.2736720 0.3325635 0.1385681 0.1845100 0.04618941 0.02449694\n235 0.2736720 0.3325635 0.1385681 0.1844646 0.04618941 0.02454230\n236 0.2736720 0.3325635 0.1385681 0.1844793 0.04618941 0.02452765\n237 0.2736720 0.3325635 0.1385681 0.1844932 0.04618941 0.02451374\n238 0.2736720 0.3325635 0.1385681 0.1845064 0.04618940 0.02450053\n239 0.2736720 0.3325635 0.1385681 0.1845190 0.04618940 0.02448797\n240 0.2736720 0.3325635 0.1385681 0.1844731 0.04618940 0.02453378\n241 0.2736720 0.3325635 0.1385681 0.1844874 0.04618940 0.02451956\n242 0.2736720 0.3325635 0.1385681 0.1845009 0.04618940 0.02450605\n243 0.2736720 0.3325635 0.1385681 0.1845137 0.04618940 0.02449322\n244 0.2736720 0.3325635 0.1385681 0.1844682 0.04618940 0.02453877\n245 0.2736720 0.3325635 0.1385681 0.1844826 0.04618940 0.02452430\n246 0.2736720 0.3325635 0.1385681 0.1844964 0.04618940 0.02451056\n247 0.2736720 0.3325635 0.1385681 0.1845094 0.04618939 0.02449750\n248 0.2736720 0.3325635 0.1385681 0.1845218 0.04618939 0.02448510\n249 0.2736720 0.3325635 0.1385681 0.1844759 0.04618939 0.02453105\n250 0.2736720 0.3325635 0.1385681 0.1844900 0.04618939 0.02451697\n251 0.2736720 0.3325635 0.1385681 0.1845033 0.04618939 0.02450359\n\n$THA_2011$plur_v_vec\n           V1        V2        V3        V4           V5           V6\n1   0.2736721 0.3521940 0.1385681 0.1928406 2.655889e-02 1.616628e-02\n2   0.2762991 0.3508949 0.1403291 0.1918880 2.523095e-02 1.535797e-02\n3   0.2787947 0.3496608 0.1420020 0.1909830 2.396940e-02 1.459007e-02\n4   0.2811656 0.3484884 0.1435913 0.1901232 2.277093e-02 1.386057e-02\n5   0.2834180 0.3473746 0.1451011 0.1893064 2.163238e-02 1.316754e-02\n6   0.2855577 0.3463165 0.1465354 0.1885305 2.055076e-02 1.250916e-02\n7   0.2875904 0.3453113 0.1478980 0.1877933 1.952323e-02 1.188370e-02\n8   0.2895215 0.3443563 0.1491925 0.1870930 1.854706e-02 1.128952e-02\n9   0.2913561 0.3434491 0.1504223 0.1864278 1.761971e-02 1.072504e-02\n10  0.2930989 0.3425873 0.1515905 0.1857957 1.673873e-02 1.018879e-02\n11  0.2947546 0.3417686 0.1527004 0.1851953 1.590179e-02 9.679350e-03\n12  0.2963275 0.3409908 0.1537547 0.1846249 1.510670e-02 9.195383e-03\n13  0.2978217 0.3402518 0.1547564 0.1840831 1.435136e-02 8.735613e-03\n14  0.2992413 0.3395499 0.1557079 0.1835683 1.363380e-02 8.298833e-03\n15  0.3005898 0.3388830 0.1566119 0.1830793 1.295211e-02 7.883891e-03\n16  0.3018710 0.3382495 0.1574707 0.1826147 1.230450e-02 7.489697e-03\n17  0.3030880 0.3376476 0.1582865 0.1821733 1.168928e-02 7.115212e-03\n18  0.3042443 0.3370759 0.1590616 0.1817540 1.110481e-02 6.759451e-03\n19  0.3053427 0.3365327 0.1597979 0.1813557 1.054957e-02 6.421479e-03\n20  0.3063862 0.3360167 0.1604974 0.1809773 1.002209e-02 6.100405e-03\n21  0.3073775 0.3355265 0.1611619 0.1806178 9.520989e-03 5.795384e-03\n22  0.3083192 0.3350608 0.1617932 0.1802763 9.044939e-03 5.505615e-03\n23  0.3092139 0.3346184 0.1623929 0.1799519 8.592692e-03 5.230334e-03\n24  0.3100638 0.3341981 0.1629626 0.1796436 8.163058e-03 4.968818e-03\n25  0.3108712 0.3337988 0.1635039 0.1793508 7.754905e-03 4.720377e-03\n26  0.3116383 0.3334195 0.1640180 0.1790727 7.367160e-03 4.484358e-03\n27  0.3123670 0.3330591 0.1645065 0.1788084 6.998802e-03 4.260140e-03\n28  0.3130593 0.3327168 0.1649706 0.1785574 6.648862e-03 4.047133e-03\n29  0.3137169 0.3323916 0.1654114 0.1783189 6.316418e-03 3.844776e-03\n30  0.3143417 0.3320826 0.1658302 0.1780923 6.000598e-03 3.652538e-03\n31  0.3149353 0.3317891 0.1662281 0.1778771 5.700568e-03 3.469911e-03\n32  0.3154991 0.3315103 0.1666061 0.1776726 5.415539e-03 3.296415e-03\n33  0.3160348 0.3312454 0.1669651 0.1774783 5.144762e-03 3.131594e-03\n34  0.3165437 0.3309937 0.1673062 0.1772938 4.887524e-03 2.975015e-03\n35  0.3170271 0.3307547 0.1676303 0.1771185 4.643148e-03 2.826264e-03\n36  0.3174864 0.3305276 0.1679382 0.1769519 4.410991e-03 2.684951e-03\n37  0.3179227 0.3303118 0.1682306 0.1767937 4.190441e-03 2.550703e-03\n38  0.3183372 0.3301068 0.1685085 0.1766434 3.980919e-03 2.423168e-03\n39  0.3187309 0.3299121 0.1687724 0.1765006 3.781873e-03 2.302010e-03\n40  0.3191050 0.3297271 0.1690232 0.1763650 3.592779e-03 2.186909e-03\n41  0.3194604 0.3295514 0.1692614 0.1762361 3.413140e-03 2.077564e-03\n42  0.3197980 0.3293845 0.1694877 0.1761137 3.242483e-03 1.973686e-03\n43  0.3201187 0.3292259 0.1697027 0.1759974 3.080359e-03 1.875001e-03\n44  0.3204234 0.3290752 0.1699069 0.1758869 2.926341e-03 1.781251e-03\n45  0.3207129 0.3289321 0.1701010 0.1757819 2.780024e-03 1.692189e-03\n46  0.3209878 0.3287961 0.1702853 0.1756822 2.641023e-03 1.607579e-03\n47  0.3212491 0.3286669 0.1704604 0.1755874 2.508972e-03 1.527200e-03\n48  0.3214972 0.3285442 0.1706268 0.1754974 2.383523e-03 1.450840e-03\n49  0.3217330 0.3284276 0.1707848 0.1754120 2.264347e-03 1.378298e-03\n50  0.3219570 0.3283168 0.1709349 0.1753307 2.151130e-03 1.309383e-03\n51  0.3221698 0.3282116 0.1710776 0.1752536 2.043573e-03 1.243914e-03\n52  0.3223719 0.3281117 0.1712131 0.1751803 1.941395e-03 1.181718e-03\n53  0.3225639 0.3280167 0.1713418 0.1751106 1.844325e-03 1.122633e-03\n54  0.3227463 0.3279265 0.1714641 0.1750445 1.752109e-03 1.066501e-03\n55  0.3229196 0.3278408 0.1715803 0.1749816 1.664503e-03 1.013176e-03\n56  0.3230843 0.3277594 0.1716906 0.1749219 1.581278e-03 9.625171e-04\n57  0.3232407 0.3276820 0.1717955 0.1748652 1.502214e-03 9.143912e-04\n58  0.3233893 0.3276086 0.1718951 0.1748113 1.427103e-03 8.686716e-04\n59  0.3235304 0.3275387 0.1719897 0.1747601 1.355748e-03 8.252381e-04\n60  0.3236645 0.3274724 0.1720796 0.1747115 1.287961e-03 7.839762e-04\n61  0.3237919 0.3274094 0.1721650 0.1746653 1.223563e-03 7.447774e-04\n62  0.3239130 0.3273496 0.1722461 0.1746214 1.162385e-03 7.075385e-04\n63  0.3240279 0.3272927 0.1723232 0.1745797 1.104265e-03 6.721616e-04\n64  0.3241372 0.3272387 0.1723964 0.1745401 1.049052e-03 6.385535e-04\n65  0.3242409 0.3271874 0.1724660 0.1745025 9.965995e-04 6.066258e-04\n66  0.3243395 0.3271387 0.1725320 0.1744667 9.467696e-04 5.762945e-04\n67  0.3244332 0.3270923 0.1725948 0.1744328 8.994311e-04 5.474798e-04\n68  0.3245221 0.3270484 0.1726544 0.1744005 8.544595e-04 5.201058e-04\n69  0.3246066 0.3270066 0.1727111 0.1743699 8.117366e-04 4.941005e-04\n70  0.3246869 0.3269669 0.1727649 0.1743407 7.711497e-04 4.693955e-04\n71  0.3247632 0.3269291 0.1728160 0.1743131 7.325922e-04 4.459257e-04\n72  0.3248357 0.3268933 0.1728646 0.1742868 6.959626e-04 4.236294e-04\n73  0.3249045 0.3268593 0.1729108 0.1742618 6.611645e-04 4.024480e-04\n74  0.3249699 0.3268269 0.1729546 0.1742381 6.281063e-04 3.823256e-04\n75  0.3250320 0.3267962 0.1729963 0.1742156 5.967010e-04 3.632093e-04\n76  0.3250911 0.3267670 0.1730358 0.1741942 5.668659e-04 3.450488e-04\n77  0.3251471 0.3267393 0.1730734 0.1741739 5.385226e-04 3.277964e-04\n78  0.3252004 0.3267129 0.1731091 0.1741545 5.115965e-04 3.114066e-04\n79  0.3252510 0.3266879 0.1731430 0.1741362 4.860167e-04 2.958362e-04\n80  0.3252991 0.3266641 0.1731753 0.1741188 4.617158e-04 2.810444e-04\n81  0.3253447 0.3266416 0.1732059 0.1741022 4.386300e-04 2.669922e-04\n82  0.3253881 0.3266201 0.1732350 0.1740865 4.166985e-04 2.536426e-04\n83  0.3254293 0.3265997 0.1732626 0.1740715 3.958636e-04 2.409605e-04\n84  0.3254685 0.3265804 0.1732888 0.1740573 3.760704e-04 2.289124e-04\n85  0.3255057 0.3265620 0.1733138 0.1740438 3.572669e-04 2.174668e-04\n86  0.3255410 0.3265445 0.1733375 0.1740310 3.394036e-04 2.065935e-04\n87  0.3255746 0.3265279 0.1733600 0.1740188 3.224334e-04 1.962638e-04\n88  0.3256065 0.3265121 0.1733813 0.1740073 3.063117e-04 1.864506e-04\n89  0.3256368 0.3264971 0.1734016 0.1739963 2.909961e-04 1.771281e-04\n90  0.3256656 0.3264829 0.1734209 0.1739858 2.764463e-04 1.682717e-04\n91  0.3256929 0.3264694 0.1734393 0.1739759 2.626240e-04 1.598581e-04\n92  0.3257189 0.3264565 0.1734567 0.1739665 2.494928e-04 1.518652e-04\n93  0.3257436 0.3264443 0.1734732 0.1739576 2.370182e-04 1.442719e-04\n94  0.3257670 0.3264327 0.1734889 0.1739491 2.251673e-04 1.370583e-04\n95  0.3257893 0.3264217 0.1735039 0.1739410 2.139089e-04 1.302054e-04\n96  0.3258105 0.3264113 0.1735181 0.1739333 2.032134e-04 1.236951e-04\n97  0.3258306 0.3264013 0.1735315 0.1739260 1.930528e-04 1.175104e-04\n98  0.3258497 0.3263919 0.1735443 0.1739191 1.834001e-04 1.116349e-04\n99  0.3258678 0.3263829 0.1735565 0.1739125 1.742301e-04 1.060531e-04\n100 0.3258850 0.3263744 0.1735680 0.1739063 1.655186e-04 1.007505e-04\n101 0.3259014 0.3263663 0.1735790 0.1739003 1.572427e-04 9.571294e-05\n102 0.3259170 0.3263586 0.1735894 0.1738947 1.493806e-04 9.092730e-05\n103 0.3259317 0.3263513 0.1735993 0.1738893 1.419115e-04 8.638093e-05\n104 0.3259458 0.3263444 0.1736088 0.1738842 1.348160e-04 8.206188e-05\n105 0.3259591 0.3263378 0.1736177 0.1738794 1.280752e-04 7.795879e-05\n106 0.3259718 0.3263315 0.1736262 0.1738748 1.216714e-04 7.406085e-05\n107 0.3259838 0.3263255 0.1736342 0.1738705 1.155878e-04 7.035781e-05\n108 0.3259952 0.3263199 0.1736419 0.1738663 1.098084e-04 6.683992e-05\n109 0.3260061 0.3263145 0.1736492 0.1738624 1.043180e-04 6.349792e-05\n110 0.3260164 0.3263094 0.1736561 0.1738586 9.910211e-05 6.032303e-05\n111 0.3260262 0.3263046 0.1736627 0.1738551 9.414701e-05 5.730687e-05\n112 0.3260355 0.3263000 0.1736689 0.1738517 8.943966e-05 5.444153e-05\n113 0.3260444 0.3262956 0.1736749 0.1738485 8.496768e-05 5.171945e-05\n114 0.3260528 0.3262914 0.1736805 0.1738454 8.071929e-05 4.913348e-05\n115 0.3260608 0.3262875 0.1736858 0.1738425 7.668333e-05 4.667681e-05\n116 0.3260684 0.3262837 0.1736909 0.1738398 7.284916e-05 4.434297e-05\n117 0.3260756 0.3262802 0.1736958 0.1738372 6.920670e-05 4.212582e-05\n118 0.3260824 0.3262768 0.1737003 0.1738347 6.574637e-05 4.001953e-05\n119 0.3260889 0.3262736 0.1737047 0.1738323 6.245905e-05 3.801855e-05\n120 0.3260951 0.3262705 0.1737088 0.1738301 5.933610e-05 3.611762e-05\n121 0.3261010 0.3262676 0.1737128 0.1738280 5.636929e-05 3.431174e-05\n122 0.3261065 0.3262649 0.1737165 0.1738259 5.355083e-05 3.259616e-05\n123 0.3261118 0.3262622 0.1737201 0.1738240 5.087329e-05 3.096635e-05\n124 0.3261169 0.3262598 0.1737234 0.1738222 4.832962e-05 2.941803e-05\n125 0.3261216 0.3262574 0.1737266 0.1738205 4.591314e-05 2.794713e-05\n126 0.3261262 0.3262551 0.1737297 0.1738188 4.361748e-05 2.654977e-05\n127 0.3261305 0.3262530 0.1737326 0.1738173 4.143661e-05 2.522228e-05\n128 0.3261346 0.3262510 0.1737353 0.1738158 3.936478e-05 2.396117e-05\n129 0.3261385 0.3262491 0.1737379 0.1738144 3.739654e-05 2.276311e-05\n130 0.3261422 0.3262472 0.1737404 0.1738130 3.552671e-05 2.162496e-05\n131 0.3261457 0.3262455 0.1737428 0.1738117 3.375038e-05 2.054371e-05\n132 0.3261490 0.3262438 0.1737450 0.1738105 3.206286e-05 1.951652e-05\n133 0.3261522 0.3262423 0.1737471 0.1738094 3.045972e-05 1.854070e-05\n134 0.3261552 0.3262408 0.1737492 0.1738083 2.893673e-05 1.761366e-05\n135 0.3261581 0.3262394 0.1737511 0.1738072 2.748989e-05 1.673298e-05\n136 0.3261608 0.3262380 0.1737529 0.1738063 2.611540e-05 1.589633e-05\n137 0.3261634 0.3262367 0.1737546 0.1738053 2.480963e-05 1.510151e-05\n138 0.3261658 0.3262355 0.1737563 0.1738044 2.356915e-05 1.434644e-05\n139 0.3261682 0.3262344 0.1737578 0.1738036 2.239069e-05 1.362912e-05\n140 0.3261704 0.3262333 0.1737593 0.1738028 2.127116e-05 1.294766e-05\n141 0.3261725 0.3262322 0.1737607 0.1738020 2.020760e-05 1.230028e-05\n142 0.3261745 0.3262313 0.1737621 0.1738013 1.919722e-05 1.168526e-05\n143 0.3261764 0.3262303 0.1737633 0.1738006 1.823736e-05 1.110100e-05\n144 0.3261782 0.3262294 0.1737646 0.1738000 1.732549e-05 1.054595e-05\n145 0.3261799 0.3262286 0.1737657 0.1737993 1.645921e-05 1.001865e-05\n146 0.3261815 0.3262278 0.1737668 0.1737987 1.563625e-05 9.517720e-06\n147 0.3261831 0.3262270 0.1737678 0.1737982 1.485444e-05 9.041834e-06\n148 0.3261846 0.3262263 0.1737688 0.1737977 1.411172e-05 8.589742e-06\n149 0.3261860 0.3262256 0.1737698 0.1737971 1.340613e-05 8.160255e-06\n150 0.3261873 0.3262249 0.1737706 0.1737967 1.273583e-05 7.752242e-06\n151 0.3261885 0.3262243 0.1737715 0.1737962 1.209904e-05 7.364630e-06\n152 0.3261897 0.3262237 0.1737723 0.1737958 1.149408e-05 6.996399e-06\n153 0.3261909 0.3262232 0.1737730 0.1737954 1.091938e-05 6.646579e-06\n154 0.3261919 0.3262226 0.1737738 0.1737950 1.037341e-05 6.314250e-06\n155 0.3261930 0.3262221 0.1737745 0.1737946 9.854740e-06 5.998537e-06\n156 0.3261940 0.3262216 0.1737751 0.1737942 9.362003e-06 5.698610e-06\n157 0.3261949 0.3262212 0.1737757 0.1737939 8.893903e-06 5.413680e-06\n158 0.3261958 0.3262207 0.1737763 0.1737936 8.449207e-06 5.142996e-06\n159 0.3261966 0.3262203 0.1737769 0.1737933 8.026747e-06 4.885846e-06\n160 0.3261974 0.3262199 0.1737774 0.1737930 7.625410e-06 4.641554e-06\n161 0.3261981 0.3262196 0.1737779 0.1737927 7.244139e-06 4.409476e-06\n162 0.3261989 0.3262192 0.1737784 0.1737925 6.881932e-06 4.189002e-06\n163 0.3261995 0.3262189 0.1737789 0.1737922 6.537836e-06 3.979552e-06\n164 0.3262002 0.3262185 0.1737793 0.1737920 6.210944e-06 3.780575e-06\n165 0.3262008 0.3262182 0.1737797 0.1737918 5.900397e-06 3.591546e-06\n166 0.3262014 0.3262180 0.1737801 0.1737916 5.605377e-06 3.411969e-06\n167 0.3262019 0.3262177 0.1737805 0.1737913 5.325108e-06 3.241370e-06\n168 0.3262025 0.3262174 0.1737808 0.1737912 5.058853e-06 3.079302e-06\n169 0.3262030 0.3262172 0.1737812 0.1737910 4.805910e-06 2.925337e-06\n170 0.3262034 0.3262169 0.1737815 0.1737908 4.565614e-06 2.779070e-06\n171 0.3262039 0.3262167 0.1737818 0.1737906 4.337334e-06 2.640116e-06\n172 0.3262043 0.3262165 0.1737821 0.1737905 4.120467e-06 2.508110e-06\n173 0.3262047 0.3262163 0.1737823 0.1737903 3.914444e-06 2.382705e-06\n174 0.3262051 0.3262161 0.1737826 0.1737902 3.718722e-06 2.263570e-06\n175 0.3262055 0.3262159 0.1737828 0.1737901 3.532785e-06 2.150391e-06\n176 0.3262058 0.3262158 0.1737831 0.1737899 3.356146e-06 2.042872e-06\n177 0.3262062 0.3262156 0.1737833 0.1737898 3.188339e-06 1.940728e-06\n178 0.3262065 0.3262154 0.1737835 0.1737897 3.028922e-06 1.843692e-06\n179 0.3262068 0.3262153 0.1737837 0.1737896 2.877476e-06 1.751507e-06\n180 0.3262071 0.3262151 0.1737839 0.1737895 2.733602e-06 1.663932e-06\n181 0.3262073 0.3262150 0.1737841 0.1737894 2.596922e-06 1.580735e-06\n182 0.3262076 0.3262149 0.1737843 0.1737893 2.467076e-06 1.501698e-06\n183 0.3262078 0.3262148 0.1737844 0.1737892 2.343722e-06 1.426613e-06\n184 0.3262081 0.3262146 0.1737846 0.1737891 2.226536e-06 1.355283e-06\n185 0.3262083 0.3262145 0.1737847 0.1737890 2.115209e-06 1.287519e-06\n186 0.3262085 0.3262144 0.1737849 0.1737890 2.009449e-06 1.223143e-06\n187 0.3262087 0.3262143 0.1737850 0.1737889 1.908976e-06 1.161986e-06\n188 0.3262089 0.3262142 0.1737851 0.1737888 1.813527e-06 1.103886e-06\n189 0.3262091 0.3262142 0.1737852 0.1737888 1.722851e-06 1.048692e-06\n190 0.3262092 0.3262141 0.1737854 0.1737887 1.636709e-06 9.962574e-07\n191 0.3262094 0.3262140 0.1737855 0.1737886 1.554873e-06 9.464445e-07\n192 0.3262095 0.3262139 0.1737856 0.1737886 1.477129e-06 8.991223e-07\n193 0.3262097 0.3262138 0.1737857 0.1737885 1.403273e-06 8.541662e-07\n194 0.3262098 0.3262138 0.1737858 0.1737885 1.333109e-06 8.114578e-07\n195 0.3262100 0.3262137 0.1737858 0.1737884 1.266454e-06 7.708850e-07\n196 0.3262101 0.3262136 0.1737859 0.1737884 1.203131e-06 7.323407e-07\n197 0.3262102 0.3262136 0.1737860 0.1737883 1.142975e-06 6.957237e-07\n198 0.3262103 0.3262135 0.1737861 0.1737883 1.085826e-06 6.609375e-07\n199 0.3262104 0.3262135 0.1737862 0.1737883 1.031535e-06 6.278906e-07\n200 0.3262105 0.3262134 0.1737862 0.1737882 9.799579e-07 5.964961e-07\n201 0.3262106 0.3262134 0.1737863 0.1737882 9.309600e-07 5.666713e-07\n202 0.3262107 0.3262133 0.1737864 0.1737882 8.844120e-07 5.383377e-07\n203 0.3262108 0.3262133 0.1737864 0.1737881 8.401914e-07 5.114208e-07\n204 0.3262109 0.3262133 0.1737865 0.1737881 7.981818e-07 4.858498e-07\n205 0.3262110 0.3262132 0.1737865 0.1737881 7.582727e-07 4.615573e-07\n206 0.3262110 0.3262132 0.1737866 0.1737880 7.203591e-07 4.384794e-07\n207 0.3262111 0.3262131 0.1737866 0.1737880 6.843411e-07 4.165555e-07\n208 0.3262112 0.3262131 0.1737867 0.1737880 6.501241e-07 3.957277e-07\n209 0.3262112 0.3262131 0.1737867 0.1737880 6.176179e-07 3.759413e-07\n210 0.3262113 0.3262130 0.1737868 0.1737879 5.867370e-07 3.571442e-07\n211 0.3262114 0.3262130 0.1737868 0.1737879 5.574001e-07 3.392870e-07\n212 0.3262114 0.3262130 0.1737868 0.1737879 5.295301e-07 3.223227e-07\n213 0.3262115 0.3262130 0.1737869 0.1737879 5.030536e-07 3.062065e-07\n214 0.3262115 0.3262129 0.1737869 0.1737879 4.779009e-07 2.908962e-07\n215 0.3262116 0.3262129 0.1737869 0.1737879 4.540059e-07 2.763514e-07\n216 0.3262116 0.3262129 0.1737870 0.1737878 4.313056e-07 2.625338e-07\n217 0.3262117 0.3262129 0.1737870 0.1737878 4.097403e-07 2.494071e-07\n218 0.3262117 0.3262129 0.1737870 0.1737878 3.892533e-07 2.369368e-07\n219 0.3262117 0.3262128 0.1737870 0.1737878 3.697906e-07 2.250899e-07\n220 0.3262118 0.3262128 0.1737871 0.1737878 3.513011e-07 2.138354e-07\n221 0.3262118 0.3262128 0.1737871 0.1737878 3.337360e-07 2.031437e-07\n222 0.3262118 0.3262128 0.1737871 0.1737878 3.170492e-07 1.929865e-07\n223 0.3262119 0.3262128 0.1737871 0.1737877 3.011968e-07 1.833372e-07\n224 0.3262119 0.3262128 0.1737871 0.1737877 2.861369e-07 1.741703e-07\n225 0.3262119 0.3262127 0.1737872 0.1737877 2.718301e-07 1.654618e-07\n226 0.3262120 0.3262127 0.1737872 0.1737877 2.582386e-07 1.571887e-07\n227 0.3262120 0.3262127 0.1737872 0.1737877 2.453267e-07 1.493293e-07\n228 0.3262120 0.3262127 0.1737872 0.1737877 2.330603e-07 1.418628e-07\n229 0.3262120 0.3262127 0.1737872 0.1737877 2.214073e-07 1.347697e-07\n230 0.3262121 0.3262127 0.1737872 0.1737877 2.103369e-07 1.280312e-07\n231 0.3262121 0.3262127 0.1737873 0.1737877 1.998201e-07 1.216296e-07\n232 0.3262121 0.3262127 0.1737873 0.1737877 1.898291e-07 1.155481e-07\n233 0.3262121 0.3262126 0.1737873 0.1737877 1.803376e-07 1.097707e-07\n234 0.3262121 0.3262126 0.1737873 0.1737877 1.713208e-07 1.042822e-07\n235 0.3262121 0.3262126 0.1737873 0.1737876 1.627547e-07 9.906809e-08\n236 0.3262122 0.3262126 0.1737873 0.1737876 1.546170e-07 9.411468e-08\n237 0.3262122 0.3262126 0.1737873 0.1737876 1.468861e-07 8.940895e-08\n238 0.3262122 0.3262126 0.1737873 0.1737876 1.395418e-07 8.493850e-08\n239 0.3262122 0.3262126 0.1737874 0.1737876 1.325647e-07 8.069158e-08\n240 0.3262122 0.3262126 0.1737874 0.1737876 1.259365e-07 7.665700e-08\n241 0.3262122 0.3262126 0.1737874 0.1737876 1.196397e-07 7.282415e-08\n242 0.3262122 0.3262126 0.1737874 0.1737876 1.136577e-07 6.918294e-08\n243 0.3262123 0.3262126 0.1737874 0.1737876 1.079748e-07 6.572379e-08\n244 0.3262123 0.3262126 0.1737874 0.1737876 1.025761e-07 6.243760e-08\n245 0.3262123 0.3262126 0.1737874 0.1737876 9.744726e-08 5.931572e-08\n246 0.3262123 0.3262126 0.1737874 0.1737876 9.257490e-08 5.634994e-08\n247 0.3262123 0.3262126 0.1737874 0.1737876 8.794615e-08 5.353244e-08\n248 0.3262123 0.3262126 0.1737874 0.1737876 8.354884e-08 5.085582e-08\n249 0.3262123 0.3262125 0.1737874 0.1737876 7.937140e-08 4.831303e-08\n250 0.3262123 0.3262125 0.1737874 0.1737876 7.540283e-08 4.589738e-08\n251 0.3262123 0.3262125 0.1737874 0.1737876 7.163269e-08 4.360251e-08\n\n\n$TUR_2015\n$TUR_2015$rcv_v_vec\n          V1        V2        V3        V4         V5         V6\n1   0.210076 0.2747148 0.1492395 0.1796578 0.08840304 0.09790875\n2   0.210076 0.2729087 0.1492395 0.1799430 0.09020913 0.09762357\n3   0.210076 0.2715732 0.1492395 0.1800238 0.09154468 0.09754278\n4   0.210076 0.2705421 0.1492395 0.1800530 0.09257581 0.09751355\n5   0.210076 0.2696100 0.1492395 0.1797481 0.09350785 0.09781848\n6   0.210076 0.2687721 0.1492395 0.1793633 0.09434577 0.09820322\n7   0.210076 0.2681662 0.1492395 0.1789978 0.09495167 0.09856872\n8   0.210076 0.2675906 0.1492395 0.1785555 0.09552728 0.09901101\n9   0.210076 0.2670438 0.1492395 0.1781354 0.09607411 0.09943118\n10  0.210076 0.2665243 0.1492395 0.1776887 0.09659360 0.09987787\n11  0.210076 0.2660783 0.1492395 0.1772643 0.09703959 0.10030223\n12  0.210076 0.2657021 0.1492395 0.1768612 0.09741575 0.10070537\n13  0.210076 0.2653448 0.1492395 0.1765257 0.09777310 0.10104082\n14  0.210076 0.2650053 0.1492395 0.1762070 0.09811258 0.10135950\n15  0.210076 0.2646828 0.1492395 0.1759043 0.09843509 0.10166225\n16  0.210076 0.2643764 0.1492395 0.1756167 0.09874147 0.10194986\n17  0.210076 0.2640853 0.1492395 0.1753434 0.09903253 0.10222309\n18  0.210076 0.2638088 0.1492395 0.1750839 0.09930904 0.10248266\n19  0.210076 0.2635461 0.1492395 0.1748373 0.09957173 0.10272925\n20  0.210076 0.2632966 0.1492395 0.1746030 0.09982128 0.10296351\n21  0.210076 0.2630595 0.1492395 0.1744755 0.10005835 0.10309100\n22  0.210076 0.2628343 0.1492395 0.1742594 0.10028357 0.10330717\n23  0.210076 0.2626203 0.1492395 0.1740540 0.10049753 0.10351253\n24  0.210076 0.2624171 0.1492395 0.1738589 0.10070079 0.10370763\n25  0.210076 0.2622240 0.1492395 0.1736736 0.10089389 0.10389297\n26  0.210076 0.2620405 0.1492395 0.1735926 0.10107733 0.10397399\n27  0.210076 0.2618663 0.1492395 0.1734205 0.10125160 0.10414601\n28  0.210076 0.2617007 0.1492395 0.1732571 0.10141716 0.10430943\n29  0.210076 0.2615434 0.1492395 0.1731019 0.10157443 0.10446468\n30  0.210076 0.2613940 0.1492395 0.1730494 0.10172385 0.10451712\n31  0.210076 0.2612521 0.1492395 0.1729046 0.10186579 0.10466198\n32  0.210076 0.2611172 0.1492395 0.1727669 0.10200064 0.10479961\n33  0.210076 0.2610367 0.1492395 0.1726362 0.10208122 0.10493035\n34  0.210076 0.2609126 0.1492395 0.1726070 0.10220529 0.10495950\n35  0.210076 0.2608422 0.1492395 0.1724843 0.10227564 0.10508224\n36  0.210076 0.2607754 0.1492395 0.1724627 0.10234246 0.10510380\n37  0.210076 0.2607119 0.1492395 0.1723472 0.10240595 0.10521933\n38  0.210076 0.2606516 0.1492395 0.1723325 0.10246626 0.10523403\n39  0.210076 0.2605943 0.1492395 0.1723185 0.10252356 0.10524799\n40  0.210076 0.2605399 0.1492395 0.1722102 0.10257799 0.10535631\n41  0.210076 0.2604882 0.1492395 0.1722024 0.10262970 0.10536416\n42  0.210076 0.2604391 0.1492395 0.1721949 0.10267882 0.10537162\n43  0.210076 0.2603924 0.1492395 0.1720928 0.10272549 0.10547376\n44  0.210076 0.2603481 0.1492395 0.1720908 0.10276982 0.10547574\n45  0.210076 0.2603059 0.1492395 0.1719939 0.10281194 0.10557268\n46  0.210076 0.2602659 0.1492395 0.1719968 0.10285195 0.10556971\n47  0.210076 0.2602279 0.1492395 0.1719997 0.10288996 0.10556689\n48  0.210076 0.2601918 0.1492395 0.1719073 0.10292607 0.10565927\n49  0.210076 0.2601575 0.1492395 0.1719146 0.10296038 0.10565197\n50  0.210076 0.2601249 0.1492395 0.1719215 0.10299296 0.10564503\n51  0.210076 0.2600939 0.1492395 0.1718330 0.10302392 0.10573351\n52  0.210076 0.2600645 0.1492395 0.1718440 0.10305334 0.10572250\n53  0.210076 0.2600366 0.1492395 0.1718545 0.10308128 0.10571204\n54  0.210076 0.2600100 0.1492395 0.1717694 0.10310782 0.10579716\n55  0.210076 0.2599848 0.1492395 0.1717836 0.10313304 0.10578296\n56  0.210076 0.2599609 0.1492395 0.1717495 0.10315700 0.10581701\n57  0.210076 0.2599381 0.1492395 0.1717647 0.10317976 0.10580182\n58  0.210076 0.2599165 0.1492395 0.1716841 0.10320138 0.10588246\n59  0.210076 0.2598960 0.1492395 0.1717025 0.10322192 0.10586400\n60  0.210076 0.2598764 0.1492395 0.1717201 0.10324143 0.10584646\n61  0.210076 0.2598579 0.1492395 0.1716417 0.10325996 0.10592486\n62  0.210076 0.2598403 0.1492395 0.1716623 0.10327757 0.10590429\n63  0.210076 0.2598236 0.1492395 0.1715867 0.10329430 0.10597979\n64  0.210076 0.2598077 0.1492395 0.1716101 0.10331020 0.10595647\n65  0.210076 0.2597926 0.1492395 0.1716322 0.10332530 0.10593431\n66  0.210076 0.2597782 0.1492395 0.1715582 0.10333964 0.10600832\n67  0.210076 0.2597646 0.1492395 0.1715830 0.10335327 0.10598357\n68  0.210076 0.2597517 0.1492395 0.1716065 0.10336621 0.10596005\n69  0.210076 0.2597394 0.1492395 0.1715338 0.10337851 0.10603277\n70  0.210076 0.2597277 0.1492395 0.1715597 0.10339019 0.10600680\n71  0.210076 0.2597166 0.1492395 0.1715844 0.10340129 0.10598213\n72  0.210076 0.2597060 0.1492395 0.1715128 0.10341183 0.10605374\n73  0.210076 0.2596960 0.1492395 0.1715398 0.10342185 0.10602672\n74  0.210076 0.2596865 0.1492395 0.1715180 0.10343137 0.10604858\n75  0.210076 0.2596775 0.1492395 0.1715447 0.10344041 0.10602182\n76  0.210076 0.2596689 0.1492395 0.1714751 0.10344899 0.10609145\n77  0.210076 0.2596607 0.1492395 0.1715040 0.10345715 0.10606254\n78  0.210076 0.2596530 0.1492395 0.1715315 0.10346490 0.10603508\n79  0.210076 0.2596456 0.1492395 0.1714625 0.10347227 0.10610405\n80  0.210076 0.2596386 0.1492395 0.1714920 0.10347926 0.10607451\n81  0.210076 0.2596320 0.1492395 0.1714726 0.10348591 0.10609398\n82  0.210076 0.2596257 0.1492395 0.1715016 0.10349222 0.10606494\n83  0.210076 0.2596197 0.1492395 0.1714341 0.10349822 0.10613242\n84  0.210076 0.2596140 0.1492395 0.1714651 0.10350392 0.10610146\n85  0.210076 0.2596085 0.1492395 0.1714945 0.10350933 0.10607206\n86  0.210076 0.2596034 0.1492395 0.1714274 0.10351447 0.10613918\n87  0.210076 0.2595985 0.1492395 0.1714587 0.10351935 0.10610788\n88  0.210076 0.2595939 0.1492395 0.1714409 0.10352400 0.10612568\n89  0.210076 0.2595895 0.1492395 0.1714715 0.10352840 0.10609506\n90  0.210076 0.2595853 0.1492395 0.1714055 0.10353259 0.10616103\n91  0.210076 0.2595813 0.1492395 0.1714379 0.10353657 0.10612865\n92  0.210076 0.2595775 0.1492395 0.1714687 0.10354035 0.10609788\n93  0.210076 0.2595739 0.1492395 0.1714028 0.10354394 0.10616371\n94  0.210076 0.2595705 0.1492395 0.1714354 0.10354735 0.10613119\n95  0.210076 0.2595673 0.1492395 0.1714187 0.10355059 0.10614782\n96  0.210076 0.2595642 0.1492395 0.1714504 0.10355367 0.10611610\n97  0.210076 0.2595613 0.1492395 0.1713855 0.10355660 0.10618101\n98  0.210076 0.2595585 0.1492395 0.1714189 0.10355938 0.10614763\n99  0.210076 0.2595559 0.1492395 0.1714506 0.10356202 0.10611591\n100 0.210076 0.2595533 0.1492395 0.1713857 0.10356452 0.10618084\n101 0.210076 0.2595510 0.1492395 0.1714191 0.10356691 0.10614746\n102 0.210076 0.2595487 0.1492395 0.1714033 0.10356917 0.10616328\n103 0.210076 0.2595466 0.1492395 0.1714358 0.10357132 0.10613079\n104 0.210076 0.2595445 0.1492395 0.1713716 0.10357336 0.10619497\n105 0.210076 0.2595426 0.1492395 0.1714057 0.10357530 0.10616089\n106 0.210076 0.2595407 0.1492395 0.1714380 0.1035771