{
	"auto_complete":
	{
		"selected_items":
		[
		]
	},
	"buffers":
	[
		{
			"contents": "181 0.2574790 0.1541242 0.1858573 0.1842734 0.10244892 0.1158173\n182 0.2574790 0.1541242 0.1858572 0.1842619 0.10244887 0.1158288\n183 0.2574790 0.1541243 0.1858572 0.1842963 0.10244882 0.1157944\n184 0.2574791 0.1541243 0.1858572 0.1842836 0.10244877 0.1158070\n185 0.2574791 0.1541243 0.1858572 0.1842716 0.10244873 0.1158190\n186 0.2574791 0.1541244 0.1858571 0.1842602 0.10244868 0.1158304\n187 0.2574791 0.1541244 0.1858571 0.1842947 0.10244864 0.1157959\n188 0.2574792 0.1541245 0.1858571 0.1842822 0.10244860 0.1158085\n189 0.2574792 0.1541245 0.1858571 0.1842702 0.10244857 0.1158204\n190 0.2574792 0.1541245 0.1858571 0.1843042 0.10244853 0.1157864\n191 0.2574792 0.1541246 0.1858571 0.1842912 0.10244850 0.1157995\n192 0.2574793 0.1541246 0.1858570 0.1842788 0.10244847 0.1158119\n193 0.2574793 0.1541246 0.1858570 0.1842670 0.10244844 0.1158236\n194 0.2574793 0.1541246 0.1858570 0.1843012 0.10244841 0.1157895\n195 0.2574793 0.1541247 0.1858570 0.1842883 0.10244838 0.1158023\n196 0.2574793 0.1541247 0.1858570 0.1842761 0.10244836 0.1158146\n197 0.2574793 0.1541247 0.1858570 0.1842644 0.10244833 0.1158262\n198 0.2574793 0.1541247 0.1858570 0.1842987 0.10244831 0.1157919\n199 0.2574794 0.1541247 0.1858570 0.1842860 0.10244829 0.1158047\n200 0.2574794 0.1541248 0.1858569 0.1842738 0.10244827 0.1158168\n201 0.2574794 0.1541248 0.1858569 0.1842623 0.10244825 0.1158283\n202 0.2574794 0.1541248 0.1858569 0.1842967 0.10244823 0.1157939\n203 0.2574794 0.1541248 0.1858569 0.1842841 0.10244821 0.1158066\n204 0.2574794 0.1541248 0.1858569 0.1842720 0.10244819 0.1158186\n205 0.2574794 0.1541248 0.1858569 0.1842606 0.10244818 0.1158301\n206 0.2574794 0.1541249 0.1858569 0.1842951 0.10244816 0.1157956\n207 0.2574794 0.1541249 0.1858569 0.1842825 0.10244815 0.1158082\n208 0.2574794 0.1541249 0.1858569 0.1842706 0.10244813 0.1158201\n209 0.2574795 0.1541249 0.1858569 0.1843045 0.10244812 0.1157861\n210 0.2574795 0.1541249 0.1858569 0.1842915 0.10244811 0.1157992\n211 0.2574795 0.1541249 0.1858569 0.1842791 0.10244810 0.1158116\n212 0.2574795 0.1541249 0.1858569 0.1842673 0.10244808 0.1158234\n213 0.2574795 0.1541249 0.1858569 0.1843015 0.10244807 0.1157892\n214 0.2574795 0.1541249 0.1858568 0.1842886 0.10244806 0.1158021\n215 0.2574795 0.1541249 0.1858568 0.1842763 0.10244805 0.1158144\n216 0.2574795 0.1541250 0.1858568 0.1842647 0.10244804 0.1158260\n217 0.2574795 0.1541250 0.1858568 0.1842989 0.10244804 0.1157917\n218 0.2574795 0.1541250 0.1858568 0.1842862 0.10244803 0.1158045\n219 0.2574795 0.1541250 0.1858568 0.1842740 0.10244802 0.1158166\n220 0.2574795 0.1541250 0.1858568 0.1842625 0.10244801 0.1158282\n221 0.2574795 0.1541250 0.1858568 0.1842969 0.10244800 0.1157938\n222 0.2574795 0.1541250 0.1858568 0.1842842 0.10244800 0.1158064\n223 0.2574795 0.1541250 0.1858568 0.1842722 0.10244799 0.1158185\n224 0.2574795 0.1541250 0.1858568 0.1842608 0.10244799 0.1158299\n225 0.2574795 0.1541250 0.1858568 0.1842952 0.10244798 0.1157954\n226 0.2574795 0.1541250 0.1858568 0.1842826 0.10244797 0.1158080\n227 0.2574795 0.1541250 0.1858568 0.1842707 0.10244797 0.1158200\n228 0.2574795 0.1541250 0.1858568 0.1843047 0.10244796 0.1157860\n229 0.2574795 0.1541250 0.1858568 0.1842916 0.10244796 0.1157991\n230 0.2574796 0.1541250 0.1858568 0.1842792 0.10244795 0.1158115\n231 0.2574796 0.1541250 0.1858568 0.1842674 0.10244795 0.1158233\n232 0.2574796 0.1541250 0.1858568 0.1843015 0.10244795 0.1157891\n233 0.2574796 0.1541250 0.1858568 0.1842886 0.10244794 0.1158020\n234 0.2574796 0.1541251 0.1858568 0.1842764 0.10244794 0.1158143\n235 0.2574796 0.1541251 0.1858568 0.1842647 0.10244794 0.1158259\n236 0.2574796 0.1541251 0.1858568 0.1842990 0.10244793 0.1157916\n237 0.2574796 0.1541251 0.1858568 0.1842862 0.10244793 0.1158044\n238 0.2574796 0.1541251 0.1858568 0.1842741 0.10244793 0.1158166\n239 0.2574796 0.1541251 0.1858568 0.1842626 0.10244792 0.1158281\n240 0.2574796 0.1541251 0.1858568 0.1842970 0.10244792 0.1157937\n241 0.2574796 0.1541251 0.1858568 0.1842843 0.10244792 0.1158064\n242 0.2574796 0.1541251 0.1858568 0.1842722 0.10244792 0.1158184\n243 0.2574796 0.1541251 0.1858568 0.1842608 0.10244791 0.1158299\n244 0.2574796 0.1541251 0.1858568 0.1842953 0.10244791 0.1157954\n245 0.2574796 0.1541251 0.1858568 0.1842827 0.10244791 0.1158080\n246 0.2574796 0.1541251 0.1858568 0.1842707 0.10244791 0.1158199\n247 0.2574796 0.1541251 0.1858568 0.1843047 0.10244791 0.1157860\n248 0.2574796 0.1541251 0.1858568 0.1842916 0.10244790 0.1157990\n249 0.2574796 0.1541251 0.1858568 0.1842792 0.10244790 0.1158114\n250 0.2574796 0.1541251 0.1858568 0.1842674 0.10244790 0.1158232\n251 0.2574796 0.1541251 0.1858568 0.1843016 0.10244790 0.1157891\n\n$MEX_2015$plur_v_vec\n           V1        V2        V3        V4           V5           V6\n1   0.2574796 0.1568450 0.1858568 0.1387126 9.972801e-02 1.613781e-01\n2   0.2562330 0.1606301 0.1866727 0.1418858 9.800544e-02 1.565730e-01\n3   0.2552074 0.1643846 0.1878558 0.1453083 9.580236e-02 1.514415e-01\n4   0.2543917 0.1681101 0.1891838 0.1487636 9.334678e-02 1.462040e-01\n5   0.2536848 0.1717173 0.1907174 0.1523182 9.067400e-02 1.408883e-01\n6   0.2531946 0.1753254 0.1924009 0.1559217 8.772688e-02 1.354305e-01\n7   0.2528649 0.1788892 0.1943176 0.1596623 8.447381e-02 1.297923e-01\n8   0.2526876 0.1824107 0.1964104 0.1634879 8.097542e-02 1.240279e-01\n9   0.2526779 0.1859148 0.1985572 0.1672809 7.733462e-02 1.182345e-01\n10  0.2527140 0.1892891 0.2006874 0.1709748 7.373988e-02 1.125948e-01\n11  0.2528163 0.1925626 0.2027564 0.1745294 7.021154e-02 1.071237e-01\n12  0.2529135 0.1956725 0.2047446 0.1779290 6.683696e-02 1.019035e-01\n13  0.2530738 0.1986948 0.2066560 0.1811812 6.354044e-02 9.685367e-02\n14  0.2532487 0.2015887 0.2084719 0.1842709 6.038609e-02 9.203365e-02\n15  0.2534150 0.2043380 0.2101970 0.1872060 5.738945e-02 8.745463e-02\n16  0.2535955 0.2069724 0.2118359 0.1899944 5.451997e-02 8.308190e-02\n17  0.2537671 0.2094751 0.2133927 0.1926433 5.179398e-02 7.892780e-02\n18  0.2539300 0.2118526 0.2148718 0.1951599 4.920428e-02 7.498141e-02\n19  0.2540848 0.2141113 0.2162769 0.1975506 4.674406e-02 7.123234e-02\n20  0.2542319 0.2162571 0.2176117 0.1998217 4.440686e-02 6.767073e-02\n21  0.2543716 0.2182955 0.2188798 0.2019793 4.218652e-02 6.428719e-02\n22  0.2545044 0.2202321 0.2200845 0.2040290 4.007719e-02 6.107283e-02\n23  0.2546305 0.2220718 0.2212290 0.2059763 3.807333e-02 5.801919e-02\n24  0.2547502 0.2238195 0.2223162 0.2078261 3.616966e-02 5.511823e-02\n25  0.2548640 0.2254798 0.2233491 0.2095835 3.436118e-02 5.236232e-02\n26  0.2549722 0.2270572 0.2243303 0.2112530 3.264312e-02 4.974420e-02\n27  0.2550749 0.2285556 0.2252625 0.2128391 3.101097e-02 4.725699e-02\n28  0.2551724 0.2299792 0.2261481 0.2143458 2.946042e-02 4.489414e-02\n29  0.2552651 0.2313315 0.2269893 0.2157772 2.798740e-02 4.264944e-02\n30  0.2553532 0.2326162 0.2277886 0.2171370 2.658803e-02 4.051696e-02\n31  0.2554368 0.2338368 0.2285478 0.2184289 2.525863e-02 3.849112e-02\n32  0.2555163 0.2349962 0.2292691 0.2196561 2.399569e-02 3.656656e-02\n33  0.2555918 0.2360977 0.2299543 0.2208220 2.279591e-02 3.473823e-02\n34  0.2556635 0.2371442 0.2306053 0.2219296 2.165611e-02 3.300132e-02\n35  0.2557317 0.2381383 0.2312237 0.2229818 2.057331e-02 3.135125e-02\n36  0.2557964 0.2390827 0.2318112 0.2239814 1.954464e-02 2.978369e-02\n37  0.2558579 0.2399798 0.2323693 0.2249310 1.856741e-02 2.829451e-02\n38  0.2559163 0.2408322 0.2328996 0.2258331 1.763904e-02 2.687978e-02\n39  0.2559718 0.2416419 0.2334033 0.2266901 1.675709e-02 2.553579e-02\n40  0.2560245 0.2424111 0.2338818 0.2275043 1.591923e-02 2.425900e-02\n41  0.2560746 0.2431419 0.2343364 0.2282778 1.512327e-02 2.304605e-02\n42  0.2561222 0.2438361 0.2347683 0.2290126 1.436711e-02 2.189375e-02\n43  0.2561674 0.2444956 0.2351785 0.2297106 1.364875e-02 2.079906e-02\n44  0.2562104 0.2451221 0.2355683 0.2303738 1.296632e-02 1.975911e-02\n45  0.2562512 0.2457173 0.2359386 0.2310038 1.231800e-02 1.877115e-02\n46  0.2562899 0.2462828 0.2362903 0.2316023 1.170210e-02 1.783260e-02\n47  0.2563267 0.2468200 0.2366245 0.2321709 1.111699e-02 1.694097e-02\n48  0.2563617 0.2473303 0.2369419 0.2327110 1.056115e-02 1.609392e-02\n49  0.2563949 0.2478151 0.2372435 0.2332241 1.003309e-02 1.528922e-02\n50  0.2564265 0.2482756 0.2375300 0.2337116 9.531433e-03 1.452476e-02\n51  0.2564565 0.2487132 0.2378022 0.2341747 9.054862e-03 1.379852e-02\n52  0.2564850 0.2491288 0.2380608 0.2346147 8.602119e-03 1.310860e-02\n53  0.2565121 0.2495237 0.2383064 0.2350326 8.172013e-03 1.245317e-02\n54  0.2565378 0.2498988 0.2385398 0.2354297 7.763412e-03 1.183051e-02\n55  0.2565622 0.2502552 0.2387615 0.2358069 7.375242e-03 1.123898e-02\n56  0.2565854 0.2505938 0.2389721 0.2361652 7.006479e-03 1.067703e-02\n57  0.2566074 0.2509154 0.2391722 0.2365056 6.656155e-03 1.014318e-02\n58  0.2566284 0.2512209 0.2393623 0.2368290 6.323348e-03 9.636023e-03\n59  0.2566483 0.2515112 0.2395428 0.2371363 6.007180e-03 9.154222e-03\n60  0.2566672 0.2517870 0.2397144 0.2374282 5.706821e-03 8.696511e-03\n61  0.2566851 0.2520489 0.2398774 0.2377054 5.421480e-03 8.261685e-03\n62  0.2567022 0.2522978 0.2400322 0.2379688 5.150406e-03 7.848601e-03\n63  0.2567184 0.2525342 0.2401792 0.2382191 4.892886e-03 7.456171e-03\n64  0.2567338 0.2527588 0.2403190 0.2384568 4.648242e-03 7.083363e-03\n65  0.2567484 0.2529722 0.2404517 0.2386827 4.415830e-03 6.729194e-03\n66  0.2567623 0.2531749 0.2405778 0.2388972 4.195038e-03 6.392735e-03\n67  0.2567755 0.2533675 0.2406976 0.2391010 3.985286e-03 6.073098e-03\n68  0.2567880 0.2535504 0.2408114 0.2392947 3.786022e-03 5.769443e-03\n69  0.2568000 0.2537242 0.2409195 0.2394786 3.596721e-03 5.480971e-03\n70  0.2568113 0.2538893 0.2410222 0.2396534 3.416885e-03 5.206922e-03\n71  0.2568220 0.2540462 0.2411198 0.2398194 3.246040e-03 4.946576e-03\n72  0.2568322 0.2541952 0.2412125 0.2399771 3.083738e-03 4.699247e-03\n73  0.2568419 0.2543367 0.2413006 0.2401269 2.929552e-03 4.464285e-03\n74  0.2568512 0.2544712 0.2413842 0.2402693 2.783074e-03 4.241071e-03\n75  0.2568599 0.2545990 0.2414637 0.2404045 2.643920e-03 4.029017e-03\n76  0.2568682 0.2547203 0.2415392 0.2405330 2.511724e-03 3.827566e-03\n77  0.2568761 0.2548356 0.2416109 0.2406550 2.386138e-03 3.636188e-03\n78  0.2568836 0.2549452 0.2416791 0.2407709 2.266831e-03 3.454379e-03\n79  0.2568908 0.2550492 0.2417438 0.2408811 2.153490e-03 3.281660e-03\n80  0.2568976 0.2551481 0.2418053 0.2409857 2.045815e-03 3.117577e-03\n81  0.2569040 0.2552420 0.2418637 0.2410851 1.943524e-03 2.961698e-03\n82  0.2569101 0.2553312 0.2419192 0.2411795 1.846348e-03 2.813613e-03\n83  0.2569159 0.2554159 0.2419719 0.2412692 1.754031e-03 2.672932e-03\n84  0.2569214 0.2554965 0.2420220 0.2413545 1.666329e-03 2.539286e-03\n85  0.2569267 0.2555730 0.2420696 0.2414354 1.583013e-03 2.412321e-03\n86  0.2569317 0.2556456 0.2421148 0.2415123 1.503862e-03 2.291705e-03\n87  0.2569364 0.2557147 0.2421578 0.2415854 1.428669e-03 2.177120e-03\n88  0.2569409 0.2557802 0.2421986 0.2416548 1.357236e-03 2.068264e-03\n89  0.2569452 0.2558425 0.2422373 0.2417208 1.289374e-03 1.964851e-03\n90  0.2569492 0.2559017 0.2422741 0.2417834 1.224905e-03 1.866608e-03\n91  0.2569531 0.2559580 0.2423091 0.2418429 1.163660e-03 1.773278e-03\n92  0.2569567 0.2560114 0.2423423 0.2418995 1.105477e-03 1.684614e-03\n93  0.2569602 0.2560621 0.2423739 0.2419532 1.050203e-03 1.600383e-03\n94  0.2569635 0.2561103 0.2424039 0.2420042 9.976928e-04 1.520364e-03\n95  0.2569666 0.2561561 0.2424324 0.2420527 9.478082e-04 1.444346e-03\n96  0.2569696 0.2561996 0.2424595 0.2420987 9.004178e-04 1.372129e-03\n97  0.2569725 0.2562410 0.2424852 0.2421425 8.553969e-04 1.303522e-03\n98  0.2569752 0.2562802 0.2425096 0.2421840 8.126270e-04 1.238346e-03\n99  0.2569777 0.2563175 0.2425328 0.2422235 7.719957e-04 1.176429e-03\n100 0.2569801 0.2563530 0.2425548 0.2422610 7.333959e-04 1.117607e-03\n101 0.2569824 0.2563866 0.2425758 0.2422967 6.967261e-04 1.061727e-03\n102 0.2569846 0.2564186 0.2425957 0.2423305 6.618898e-04 1.008641e-03\n103 0.2569867 0.2564490 0.2426146 0.2423627 6.287953e-04 9.582086e-04\n104 0.2569887 0.2564779 0.2426325 0.2423932 5.973556e-04 9.102982e-04\n105 0.2569906 0.2565053 0.2426496 0.2424223 5.674878e-04 8.647833e-04\n106 0.2569924 0.2565313 0.2426658 0.2424498 5.391134e-04 8.215441e-04\n107 0.2569941 0.2565561 0.2426812 0.2424760 5.121577e-04 7.804669e-04\n108 0.2569957 0.2565796 0.2426958 0.2425009 4.865498e-04 7.414436e-04\n109 0.2569972 0.2566019 0.2427097 0.2425245 4.622223e-04 7.043714e-04\n110 0.2569987 0.2566232 0.2427229 0.2425470 4.391112e-04 6.691528e-04\n111 0.2570000 0.2566433 0.2427355 0.2425683 4.171557e-04 6.356952e-04\n112 0.2570014 0.2566625 0.2427474 0.2425886 3.962979e-04 6.039104e-04\n113 0.2570026 0.2566806 0.2427587 0.2426079 3.764830e-04 5.737149e-04\n114 0.2570038 0.2566979 0.2427694 0.2426262 3.576588e-04 5.450292e-04\n115 0.2570049 0.2567143 0.2427797 0.2426435 3.397759e-04 5.177777e-04\n116 0.2570060 0.2567299 0.2427894 0.2426600 3.227871e-04 4.918888e-04\n117 0.2570070 0.2567448 0.2427986 0.2426757 3.066477e-04 4.672944e-04\n118 0.2570080 0.2567588 0.2428073 0.2426906 2.913154e-04 4.439297e-04\n119 0.2570089 0.2567722 0.2428156 0.2427048 2.767496e-04 4.217332e-04\n120 0.2570097 0.2567849 0.2428236 0.2427182 2.629121e-04 4.006465e-04\n121 0.2570106 0.2567970 0.2428311 0.2427310 2.497665e-04 3.806142e-04\n122 0.2570114 0.2568085 0.2428382 0.2427431 2.372782e-04 3.615835e-04\n123 0.2570121 0.2568193 0.2428450 0.2427547 2.254143e-04 3.435043e-04\n124 0.2570128 0.2568297 0.2428514 0.2427656 2.141436e-04 3.263291e-04\n125 0.2570135 0.2568395 0.2428575 0.2427760 2.034364e-04 3.100126e-04\n126 0.2570141 0.2568489 0.2428633 0.2427859 1.932646e-04 2.945120e-04\n127 0.2570147 0.2568577 0.2428688 0.2427953 1.836013e-04 2.797864e-04\n128 0.2570153 0.2568662 0.2428741 0.2428042 1.744213e-04 2.657971e-04\n129 0.2570159 0.2568742 0.2428791 0.2428127 1.657002e-04 2.525072e-04\n130 0.2570164 0.2568818 0.2428838 0.2428207 1.574152e-04 2.398819e-04\n131 0.2570169 0.2568890 0.2428883 0.2428284 1.495444e-04 2.278878e-04\n132 0.2570174 0.2568959 0.2428926 0.2428357 1.420672e-04 2.164934e-04\n133 0.2570178 0.2569024 0.2428966 0.2428426 1.349639e-04 2.056687e-04\n134 0.2570182 0.2569086 0.2429005 0.2428491 1.282157e-04 1.953853e-04\n135 0.2570186 0.2569145 0.2429041 0.2428553 1.218049e-04 1.856160e-04\n136 0.2570190 0.2569201 0.2429076 0.2428613 1.157146e-04 1.763352e-04\n137 0.2570194 0.2569254 0.2429109 0.2428669 1.099289e-04 1.675185e-04\n138 0.2570197 0.2569304 0.2429141 0.2428722 1.044325e-04 1.591425e-04\n139 0.2570200 0.2569352 0.2429170 0.2428773 9.921083e-05 1.511854e-04\n140 0.2570204 0.2569398 0.2429199 0.2428821 9.425029e-05 1.436261e-04\n141 0.2570207 0.2569441 0.2429226 0.2428867 8.953778e-05 1.364448e-04\n142 0.2570209 0.2569482 0.2429251 0.2428911 8.506089e-05 1.296226e-04\n143 0.2570212 0.2569521 0.2429276 0.2428952 8.080784e-05 1.231415e-04\n144 0.2570215 0.2569558 0.2429299 0.2428991 7.676745e-05 1.169844e-04\n145 0.2570217 0.2569593 0.2429321 0.2429028 7.292908e-05 1.111352e-04\n146 0.2570219 0.2569627 0.2429341 0.2429064 6.928262e-05 1.055784e-04\n147 0.2570222 0.2569659 0.2429361 0.2429097 6.581849e-05 1.002995e-04\n148 0.2570224 0.2569689 0.2429380 0.2429129 6.252757e-05 9.528451e-05\n149 0.2570226 0.2569718 0.2429398 0.2429160 5.940119e-05 9.052029e-05\n150 0.2570227 0.2569745 0.2429415 0.2429189 5.643113e-05 8.599427e-05\n151 0.2570229 0.2569771 0.2429431 0.2429216 5.360957e-05 8.169456e-05\n152 0.2570231 0.2569795 0.2429446 0.2429242 5.092910e-05 7.760983e-05\n153 0.2570232 0.2569819 0.2429461 0.2429267 4.838264e-05 7.372934e-05\n154 0.2570234 0.2569841 0.2429475 0.2429290 4.596351e-05 7.004287e-05\n155 0.2570235 0.2569862 0.2429488 0.2429313 4.366533e-05 6.654073e-05\n156 0.2570237 0.2569882 0.2429500 0.2429334 4.148207e-05 6.321369e-05\n157 0.2570238 0.2569901 0.2429512 0.2429354 3.940796e-05 6.005301e-05\n158 0.2570239 0.2569919 0.2429523 0.2429373 3.743756e-05 5.705036e-05\n159 0.2570241 0.2569936 0.2429534 0.2429391 3.556569e-05 5.419784e-05\n160 0.2570242 0.2569953 0.2429544 0.2429409 3.378740e-05 5.148795e-05\n161 0.2570243 0.2569968 0.2429554 0.2429425 3.209803e-05 4.891355e-05\n162 0.2570244 0.2569983 0.2429563 0.2429441 3.049313e-05 4.646787e-05\n163 0.2570245 0.2569997 0.2429572 0.2429456 2.896847e-05 4.414448e-05\n164 0.2570246 0.2570010 0.2429580 0.2429470 2.752005e-05 4.193725e-05\n165 0.2570246 0.2570023 0.2429588 0.2429483 2.614405e-05 3.984039e-05\n166 0.2570247 0.2570035 0.2429595 0.2429496 2.483685e-05 3.784837e-05\n167 0.2570248 0.2570046 0.2429602 0.2429508 2.359500e-05 3.595595e-05\n168 0.2570249 0.2570057 0.2429609 0.2429519 2.241525e-05 3.415816e-05\n169 0.2570250 0.2570067 0.2429615 0.2429530 2.129449e-05 3.245025e-05\n170 0.2570250 0.2570077 0.2429622 0.2429540 2.022977e-05 3.082774e-05\n171 0.2570251 0.2570086 0.2429627 0.2429550 1.921828e-05 2.928635e-05\n172 0.2570251 0.2570095 0.2429633 0.2429560 1.825736e-05 2.782203e-05\n173 0.2570252 0.2570104 0.2429638 0.2429569 1.734450e-05 2.643093e-05\n174 0.2570253 0.2570112 0.2429643 0.2429577 1.647727e-05 2.510938e-05\n175 0.2570253 0.2570119 0.2429648 0.2429585 1.565341e-05 2.385391e-05\n176 0.2570254 0.2570126 0.2429652 0.2429593 1.487074e-05 2.266122e-05\n177 0.2570254 0.2570133 0.2429656 0.2429600 1.412720e-05 2.152816e-05\n178 0.2570254 0.2570140 0.2429660 0.2429607 1.342084e-05 2.045175e-05\n179 0.2570255 0.2570146 0.2429664 0.2429613 1.274980e-05 1.942916e-05\n180 0.2570255 0.2570152 0.2429668 0.2429619 1.211231e-05 1.845770e-05\n181 0.2570256 0.2570157 0.2429671 0.2429625 1.150669e-05 1.753482e-05\n182 0.2570256 0.2570163 0.2429675 0.2429631 1.093136e-05 1.665808e-05\n183 0.2570256 0.2570168 0.2429678 0.2429636 1.038479e-05 1.582517e-05\n184 0.2570257 0.2570172 0.2429681 0.2429641 9.865551e-06 1.503392e-05\n185 0.2570257 0.2570177 0.2429684 0.2429646 9.372273e-06 1.428222e-05\n186 0.2570257 0.2570181 0.2429686 0.2429651 8.903659e-06 1.356811e-05\n187 0.2570258 0.2570185 0.2429689 0.2429655 8.458476e-06 1.288970e-05\n188 0.2570258 0.2570189 0.2429691 0.2429659 8.035553e-06 1.224522e-05\n189 0.2570258 0.2570193 0.2429693 0.2429663 7.633775e-06 1.163296e-05\n190 0.2570258 0.2570196 0.2429696 0.2429667 7.252086e-06 1.105131e-05\n191 0.2570259 0.2570200 0.2429698 0.2429670 6.889482e-06 1.049874e-05\n192 0.2570259 0.2570203 0.2429700 0.2429673 6.545008e-06 9.973807e-06\n193 0.2570259 0.2570206 0.2429702 0.2429677 6.217757e-06 9.475116e-06\n194 0.2570259 0.2570209 0.2429703 0.2429680 5.906870e-06 9.001361e-06\n195 0.2570259 0.2570211 0.2429705 0.2429683 5.611526e-06 8.551293e-06\n196 0.2570260 0.2570214 0.2429707 0.2429685 5.330950e-06 8.123728e-06\n197 0.2570260 0.2570216 0.2429708 0.2429688 5.064402e-06 7.717542e-06\n198 0.2570260 0.2570219 0.2429710 0.2429690 4.811182e-06 7.331664e-06\n199 0.2570260 0.2570221 0.2429711 0.2429693 4.570623e-06 6.965081e-06\n200 0.2570260 0.2570223 0.2429712 0.2429695 4.342092e-06 6.616827e-06\n201 0.2570260 0.2570225 0.2429714 0.2429697 4.124987e-06 6.285986e-06\n202 0.2570260 0.2570227 0.2429715 0.2429699 3.918738e-06 5.971686e-06\n203 0.2570261 0.2570229 0.2429716 0.2429701 3.722801e-06 5.673102e-06\n204 0.2570261 0.2570230 0.2429717 0.2429703 3.536661e-06 5.389447e-06\n205 0.2570261 0.2570232 0.2429718 0.2429704 3.359828e-06 5.119975e-06\n206 0.2570261 0.2570234 0.2429719 0.2429706 3.191837e-06 4.863976e-06\n207 0.2570261 0.2570235 0.2429720 0.2429708 3.032245e-06 4.620777e-06\n208 0.2570261 0.2570236 0.2429721 0.2429709 2.880632e-06 4.389738e-06\n209 0.2570261 0.2570238 0.2429721 0.2429710 2.736601e-06 4.170251e-06\n210 0.2570261 0.2570239 0.2429722 0.2429712 2.599771e-06 3.961739e-06\n211 0.2570261 0.2570240 0.2429723 0.2429713 2.469782e-06 3.763652e-06\n212 0.2570261 0.2570241 0.2429724 0.2429714 2.346293e-06 3.575469e-06\n213 0.2570262 0.2570242 0.2429724 0.2429715 2.228979e-06 3.396696e-06\n214 0.2570262 0.2570243 0.2429725 0.2429717 2.117530e-06 3.226861e-06\n215 0.2570262 0.2570244 0.2429726 0.2429718 2.011653e-06 3.065518e-06\n216 0.2570262 0.2570245 0.2429726 0.2429719 1.911070e-06 2.912242e-06\n217 0.2570262 0.2570246 0.2429727 0.2429719 1.815517e-06 2.766630e-06\n218 0.2570262 0.2570247 0.2429727 0.2429720 1.724741e-06 2.628298e-06\n219 0.2570262 0.2570248 0.2429728 0.2429721 1.638504e-06 2.496884e-06\n220 0.2570262 0.2570249 0.2429728 0.2429722 1.556579e-06 2.372039e-06\n221 0.2570262 0.2570249 0.2429729 0.2429723 1.478750e-06 2.253437e-06\n222 0.2570262 0.2570250 0.2429729 0.2429723 1.404812e-06 2.140766e-06\n223 0.2570262 0.2570251 0.2429729 0.2429724 1.334572e-06 2.033727e-06\n224 0.2570262 0.2570251 0.2429730 0.2429725 1.267843e-06 1.932041e-06\n225 0.2570262 0.2570252 0.2429730 0.2429725 1.204451e-06 1.835439e-06\n226 0.2570262 0.2570252 0.2429731 0.2429726 1.144228e-06 1.743667e-06\n227 0.2570262 0.2570253 0.2429731 0.2429727 1.087017e-06 1.656484e-06\n228 0.2570262 0.2570253 0.2429731 0.2429727 1.032666e-06 1.573659e-06\n229 0.2570262 0.2570254 0.2429731 0.2429728 9.810329e-07 1.494976e-06\n230 0.2570262 0.2570254 0.2429732 0.2429728 9.319812e-07 1.420228e-06\n231 0.2570262 0.2570255 0.2429732 0.2429728 8.853822e-07 1.349216e-06\n232 0.2570262 0.2570255 0.2429732 0.2429729 8.411131e-07 1.281755e-06\n233 0.2570262 0.2570256 0.2429733 0.2429729 7.990574e-07 1.217668e-06\n234 0.2570262 0.2570256 0.2429733 0.2429730 7.591045e-07 1.156784e-06\n235 0.2570262 0.2570256 0.2429733 0.2429730 7.211493e-07 1.098945e-06\n236 0.2570262 0.2570257 0.2429733 0.2429730 6.850919e-07 1.043998e-06\n237 0.2570263 0.2570257 0.2429733 0.2429731 6.508373e-07 9.917979e-07\n238 0.2570263 0.2570257 0.2429734 0.2429731 6.182954e-07 9.422080e-07\n239 0.2570263 0.2570258 0.2429734 0.2429731 5.873806e-07 8.950976e-07\n240 0.2570263 0.2570258 0.2429734 0.2429732 5.580116e-07 8.503427e-07\n241 0.2570263 0.2570258 0.2429734 0.2429732 5.301110e-07 8.078256e-07\n242 0.2570263 0.2570258 0.2429734 0.2429732 5.036055e-07 7.674343e-07\n243 0.2570263 0.2570259 0.2429734 0.2429732 4.784252e-07 7.290626e-07\n244 0.2570263 0.2570259 0.2429734 0.2429733 4.545039e-07 6.926095e-07\n245 0.2570263 0.2570259 0.2429735 0.2429733 4.317787e-07 6.579790e-07\n246 0.2570263 0.2570259 0.2429735 0.2429733 4.101898e-07 6.250800e-07\n247 0.2570263 0.2570259 0.2429735 0.2429733 3.896803e-07 5.938260e-07\n248 0.2570263 0.2570260 0.2429735 0.2429733 3.701963e-07 5.641347e-07\n249 0.2570263 0.2570260 0.2429735 0.2429734 3.516865e-07 5.359280e-07\n250 0.2570263 0.2570260 0.2429735 0.2429734 3.341022e-07 5.091316e-07\n251 0.2570263 0.2570260 0.2429735 0.2429734 3.173970e-07 4.836750e-07\n\n\n$MNE_2012\n$MNE_2012$rcv_v_vec\n           V1        V2         V3        V4         V5        V6\n1   0.3182442 0.2043896 0.04526749 0.2194787 0.04663923 0.1659808\n2   0.3179698 0.2039781 0.04554184 0.2150206 0.04705075 0.1704390\n3   0.3177092 0.2035871 0.04580247 0.2113340 0.04744170 0.1741255\n4   0.3174616 0.2032157 0.04605007 0.2081747 0.04781310 0.1772848\n5   0.3172264 0.2028629 0.04628529 0.2053792 0.04816593 0.1800804\n6   0.3170029 0.2025277 0.04650875 0.2033407 0.04850112 0.1821189\n7   0.3167220 0.2022093 0.04678962 0.2016784 0.04881955 0.1837811\n8   0.3164552 0.2019068 0.04705645 0.2003736 0.04912205 0.1850859\n9   0.3162017 0.2016194 0.04730994 0.1992027 0.04940943 0.1862568\n10  0.3159609 0.2013464 0.04755075 0.1981589 0.04968245 0.1873006\n11  0.3157321 0.2010870 0.04777952 0.1972359 0.04994181 0.1882237\n12  0.3155148 0.2008406 0.04799686 0.1964962 0.05018820 0.1889634\n13  0.3153083 0.2006065 0.04820332 0.1957934 0.05042228 0.1896661\n14  0.3151122 0.2003842 0.04839947 0.1951944 0.05064465 0.1902651\n15  0.3149259 0.2001729 0.04858580 0.1948311 0.05085590 0.1906284\n16  0.3147488 0.1999722 0.04876282 0.1946232 0.05105659 0.1908363\n17  0.3145807 0.1997816 0.04893099 0.1945628 0.05124724 0.1908967\n18  0.3144209 0.1996004 0.04909075 0.1945055 0.05142836 0.1909541\n19  0.3142691 0.1994284 0.04924252 0.1944510 0.05160043 0.1910086\n20  0.3141250 0.1992649 0.04938671 0.1943992 0.05176389 0.1910603\n21  0.3139880 0.1991096 0.04952368 0.1943500 0.05191918 0.1911095\n22  0.3138579 0.1989621 0.04965381 0.1943033 0.05206671 0.1911562\n23  0.3137342 0.1988219 0.04977743 0.1942589 0.05220686 0.1912006\n24  0.3136168 0.1986888 0.04989487 0.1942168 0.05234000 0.1912428\n25  0.3135052 0.1985623 0.05000643 0.1941767 0.05246648 0.1912828\n26  0.3133992 0.1984422 0.05011242 0.1941386 0.05258664 0.1913209\n27  0.3132985 0.1983280 0.05021311 0.1941025 0.05270079 0.1913570\n28  0.3132029 0.1982196 0.05030877 0.1940682 0.05280924 0.1913914\n29  0.3131120 0.1981165 0.05039964 0.1940355 0.05291226 0.1914240\n30  0.3130257 0.1980187 0.05048597 0.1940045 0.05301013 0.1914550\n31  0.3129437 0.1979257 0.05056798 0.1939751 0.05310311 0.1914844\n32  0.3128658 0.1978374 0.05064589 0.1939471 0.05319144 0.1915124\n33  0.3127918 0.1977535 0.05071990 0.1939205 0.05327535 0.1915390\n34  0.3127214 0.1976737 0.05079022 0.1938953 0.05335507 0.1915642\n35  0.3126546 0.1975980 0.05085702 0.1938713 0.05343080 0.1915882\n36  0.3125912 0.1975261 0.05092048 0.1938485 0.05350274 0.1916110\n37  0.3125309 0.1974577 0.05098076 0.1938269 0.05357109 0.1916326\n38  0.3124736 0.1973928 0.05103803 0.1938063 0.05363602 0.1916532\n39  0.3124192 0.1973311 0.05109244 0.1937868 0.05369770 0.1916727\n40  0.3123675 0.1972725 0.05114413 0.1937682 0.05375630 0.1916913\n41  0.3123184 0.1972168 0.05119323 0.1937506 0.05381197 0.1917089\n42  0.3122718 0.1971639 0.05123988 0.1937339 0.05386486 0.1917257\n43  0.3122275 0.1971137 0.05128420 0.1937179 0.05391510 0.1917416\n44  0.3121854 0.1970660 0.05132630 0.1937028 0.05396283 0.1917567\n45  0.3121454 0.1970206 0.05136629 0.1936885 0.05400817 0.1917711\n46  0.3121074 0.1969776 0.05140429 0.1936748 0.05405125 0.1917847\n47  0.3120713 0.1969366 0.05144038 0.1936619 0.05409217 0.1917977\n48  0.3120370 0.1968978 0.05147468 0.1936496 0.05413104 0.1918100\n49  0.3120044 0.1968608 0.05150725 0.1936379 0.05416798 0.1918217\n50  0.3119735 0.1968257 0.05153820 0.1936267 0.05420306 0.1918328\n51  0.3119441 0.1967924 0.05156760 0.1936162 0.05423639 0.1918433\n52  0.3119161 0.1967607 0.05159553 0.1936062 0.05426806 0.1918534\n53  0.3118896 0.1967307 0.05162206 0.1935966 0.05429814 0.1918629\n54  0.3118644 0.1967021 0.05164727 0.1935876 0.05432672 0.1918719\n55  0.3118404 0.1966749 0.05167122 0.1935790 0.05435386 0.1918805\n56  0.3118177 0.1966492 0.05169397 0.1935708 0.05437966 0.1918887\n57  0.3117961 0.1966246 0.05171558 0.1935631 0.05440416 0.1918965\n58  0.3117756 0.1966014 0.05173611 0.1935557 0.05442743 0.1919038\n59  0.3117560 0.1965793 0.05175561 0.1935487 0.05444955 0.1919108\n60  0.3117375 0.1965583 0.05177414 0.1935420 0.05447055 0.1919175\n61  0.3117199 0.1965383 0.05179175 0.1935357 0.05449051 0.1919238\n62  0.3117032 0.1965193 0.05180847 0.1935297 0.05450947 0.1919298\n63  0.3116873 0.1965013 0.05182435 0.1935240 0.05452748 0.1919355\n64  0.3116722 0.1964842 0.05183945 0.1935186 0.05454459 0.1919409\n65  0.3116579 0.1964680 0.05185378 0.1935134 0.05456084 0.1919461\n66  0.3116443 0.1964525 0.05186741 0.1935086 0.05457629 0.1919510\n67  0.3116313 0.1964379 0.05188035 0.1935039 0.05459096 0.1919556\n68  0.3116190 0.1964239 0.05189264 0.1934995 0.05460489 0.1919600\n69  0.3116073 0.1964107 0.05190432 0.1934953 0.05461813 0.1919642\n70  0.3115962 0.1963981 0.05191541 0.1934913 0.05463071 0.1919682\n71  0.3115857 0.1963861 0.05192595 0.1934875 0.05464266 0.1919720\n72  0.3115757 0.1963748 0.05193596 0.1934839 0.05465401 0.1919756\n73  0.3115662 0.1963640 0.05194547 0.1934805 0.05466479 0.1919790\n74  0.3115571 0.1963538 0.05195451 0.1934773 0.05467504 0.1919823\n75  0.3115486 0.1963440 0.05196309 0.1934742 0.05468477 0.1919853\n76  0.3115404 0.1963348 0.05197125 0.1934713 0.05469402 0.1919883\n77  0.3115327 0.1963260 0.05197900 0.1934685 0.05470280 0.1919910\n78  0.3115253 0.1963177 0.05198636 0.1934658 0.05471114 0.1919937\n79  0.3115183 0.1963097 0.05199335 0.1934633 0.05471907 0.1919962\n80  0.3115117 0.1963022 0.05199999 0.1934610 0.05472660 0.1919986\n81  0.3115054 0.1962951 0.05200630 0.1934587 0.05473376 0.1920008\n82  0.3114994 0.1962883 0.05201230 0.1934565 0.05474055 0.1920030\n83  0.3114937 0.1962818 0.05201799 0.1934545 0.05474701 0.1920050\n84  0.3114883 0.1962757 0.05202340 0.1934525 0.05475314 0.1920070\n85  0.3114831 0.1962698 0.05202854 0.1934507 0.05475897 0.1920088\n86  0.3114782 0.1962643 0.05203343 0.1934489 0.05476451 0.1920106\n87  0.3114736 0.1962590 0.05203806 0.1934473 0.05476976 0.1920123\n88  0.3114692 0.1962540 0.05204247 0.1934457 0.05477476 0.1920138\n89  0.3114650 0.1962493 0.05204666 0.1934442 0.05477951 0.1920153\n90  0.3114610 0.1962448 0.05205063 0.1934428 0.05478402 0.1920168\n91  0.3114572 0.1962405 0.05205441 0.1934414 0.05478830 0.1920181\n92  0.3114537 0.1962364 0.05205800 0.1934401 0.05479237 0.1920194\n93  0.3114502 0.1962326 0.05206141 0.1934389 0.05479623 0.1920206\n94  0.3114470 0.1962289 0.05206465 0.1934377 0.05479991 0.1920218\n95  0.3114439 0.1962254 0.05206773 0.1934366 0.05480340 0.1920229\n96  0.3114410 0.1962221 0.05207065 0.1934356 0.05480671 0.1920240\n97  0.3114382 0.1962189 0.05207343 0.1934346 0.05480986 0.1920249\n98  0.3114356 0.1962160 0.05207607 0.1934336 0.05481285 0.1920259\n99  0.3114331 0.1962131 0.05207858 0.1934327 0.05481569 0.1920268\n100 0.3114307 0.1962104 0.05208096 0.1934319 0.05481839 0.1920277\n101 0.3114284 0.1962079 0.05208322 0.1934311 0.05482096 0.1920285\n102 0.3114263 0.1962054 0.05208537 0.1934303 0.05482339 0.1920292\n103 0.3114243 0.1962031 0.05208741 0.1934296 0.05482571 0.1920300\n104 0.3114223 0.1962009 0.05208935 0.1934289 0.05482791 0.1920307\n105 0.3114205 0.1961988 0.05209119 0.1934282 0.05482999 0.1920313\n106 0.3114187 0.1961968 0.05209294 0.1934276 0.05483198 0.1920320\n107 0.3114171 0.1961949 0.05209460 0.1934270 0.05483386 0.1920326\n108 0.3114155 0.1961932 0.05209618 0.1934264 0.05483566 0.1920331\n109 0.3114140 0.1961914 0.05209769 0.1934259 0.05483736 0.1920337\n110 0.3114125 0.1961898 0.05209911 0.1934254 0.05483897 0.1920342\n111 0.3114112 0.1961883 0.05210047 0.1934249 0.05484051 0.1920347\n112 0.3114099 0.1961868 0.05210175 0.1934244 0.05484197 0.1920351\n113 0.3114087 0.1961855 0.05210297 0.1934240 0.05484335 0.1920356\n114 0.3114075 0.1961841 0.05210414 0.1934236 0.05484467 0.1920360\n115 0.3114064 0.1961829 0.05210524 0.1934232 0.05484592 0.1920364\n116 0.3114054 0.1961817 0.05210629 0.1934228 0.05484711 0.1920367\n117 0.3114044 0.1961806 0.05210728 0.1934224 0.05484824 0.1920371\n118 0.3114034 0.1961795 0.05210823 0.1934221 0.05484931 0.1920374\n119 0.3114025 0.1961785 0.05210913 0.1934218 0.05485033 0.1920378\n120 0.3114017 0.1961775 0.05210998 0.1934215 0.05485130 0.1920381\n121 0.3114009 0.1961766 0.05211079 0.1934212 0.05485222 0.1920384\n122 0.3114001 0.1961757 0.05211156 0.1934209 0.05485309 0.1920386\n123 0.3113994 0.1961749 0.05211229 0.1934206 0.05485392 0.1920389\n124 0.3113987 0.1961741 0.05211299 0.1934204 0.05485471 0.1920392\n125 0.3113980 0.1961734 0.05211365 0.1934201 0.05485546 0.1920394\n126 0.3113974 0.1961726 0.05211428 0.1934199 0.05485617 0.1920396\n127 0.3113968 0.1961720 0.05211487 0.1934197 0.05485684 0.1920398\n128 0.3113962 0.1961713 0.05211544 0.1934195 0.05485749 0.1920400\n129 0.3113957 0.1961707 0.05211598 0.1934193 0.05485810 0.1920402\n130 0.3113952 0.1961701 0.05211649 0.1934191 0.05485867 0.1920404\n131 0.3113947 0.1961696 0.05211697 0.1934190 0.05485923 0.1920406\n132 0.3113942 0.1961691 0.05211744 0.1934188 0.05485975 0.1920407\n133 0.3113938 0.1961686 0.05211787 0.1934186 0.05486025 0.1920409\n134 0.3113934 0.1961681 0.05211829 0.1934185 0.05486072 0.1920411\n135 0.3113930 0.1961676 0.05211869 0.1934183 0.05486117 0.1920412\n136 0.3113926 0.1961672 0.05211906 0.1934182 0.05486159 0.1920413\n137 0.3113922 0.1961668 0.05211942 0.1934181 0.05486200 0.1920415\n138 0.3113919 0.1961664 0.05211976 0.1934180 0.05486238 0.1920416\n139 0.3113916 0.1961661 0.05212008 0.1934178 0.05486275 0.1920417\n140 0.3113913 0.1961657 0.05212039 0.1934177 0.05486309 0.1920418\n141 0.3113910 0.1961654 0.05212068 0.1934176 0.05486342 0.1920419\n142 0.3113907 0.1961651 0.05212095 0.1934175 0.05486374 0.1920420\n143 0.3113904 0.1961648 0.05212122 0.1934174 0.05486403 0.1920421\n144 0.3113902 0.1961645 0.05212146 0.1934173 0.05486432 0.1920422\n145 0.3113900 0.1961642 0.05212170 0.1934173 0.05486458 0.1920423\n146 0.3113897 0.1961640 0.05212193 0.1934172 0.05486484 0.1920424\n147 0.3113895 0.1961637 0.05212214 0.1934171 0.05486508 0.1920424\n148 0.3113893 0.1961635 0.05212234 0.1934170 0.05486531 0.1920425\n149 0.3113891 0.1961633 0.05212254 0.1934170 0.05486553 0.1920426\n150 0.3113889 0.1961631 0.05212272 0.1934169 0.05486574 0.1920426\n151 0.3113888 0.1961629 0.05212289 0.1934168 0.05486594 0.1920427\n152 0.3113886 0.1961627 0.05212306 0.1934168 0.05486612 0.1920428\n153 0.3113884 0.1961625 0.05212322 0.1934167 0.05486630 0.1920428\n154 0.3113883 0.1961623 0.05212336 0.1934167 0.05486647 0.1920429\n155 0.3113882 0.1961622 0.05212351 0.1934166 0.05486663 0.1920429\n156 0.3113880 0.1961620 0.05212364 0.1934166 0.05486678 0.1920430\n157 0.3113879 0.1961619 0.05212377 0.1934165 0.05486693 0.1920430\n158 0.3113878 0.1961617 0.05212389 0.1934165 0.05486707 0.1920431\n159 0.3113877 0.1961616 0.05212401 0.1934164 0.05486720 0.1920431\n160 0.3113875 0.1961615 0.05212412 0.1934164 0.05486732 0.1920431\n161 0.3113874 0.1961614 0.05212422 0.1934163 0.05486744 0.1920432\n162 0.3113873 0.1961613 0.05212432 0.1934163 0.05486755 0.1920432\n163 0.3113872 0.1961611 0.05212441 0.1934163 0.05486766 0.1920433\n164 0.3113872 0.1961610 0.05212450 0.1934162 0.05486776 0.1920433\n165 0.3113871 0.1961610 0.05212459 0.1934162 0.05486786 0.1920433\n166 0.3113870 0.1961609 0.05212467 0.1934162 0.05486795 0.1920433\n167 0.3113869 0.1961608 0.05212474 0.1934162 0.05486803 0.1920434\n168 0.3113868 0.1961607 0.05212482 0.1934161 0.05486812 0.1920434\n169 0.3113868 0.1961606 0.05212489 0.1934161 0.05486820 0.1920434\n170 0.3113867 0.1961605 0.05212495 0.1934161 0.05486827 0.1920434\n171 0.3113866 0.1961605 0.05212501 0.1934161 0.05486834 0.1920435\n172 0.3113866 0.1961604 0.05212507 0.1934160 0.05486841 0.1920435\n173 0.3113865 0.1961603 0.05212513 0.1934160 0.05486847 0.1920435\n174 0.3113865 0.1961603 0.05212518 0.1934160 0.05486853 0.1920435\n175 0.3113864 0.1961602 0.05212523 0.1934160 0.05486859 0.1920435\n176 0.3113864 0.1961602 0.05212528 0.1934160 0.05486864 0.1920436\n177 0.3113863 0.1961601 0.05212533 0.1934160 0.05486870 0.1920436\n178 0.3113863 0.1961601 0.05212537 0.1934159 0.05486875 0.1920436\n179 0.3113862 0.1961600 0.05212541 0.1934159 0.05486879 0.1920436\n180 0.3113862 0.1961600 0.05212545 0.1934159 0.05486884 0.1920436\n181 0.3113862 0.1961599 0.05212549 0.1934159 0.05486888 0.1920436\n182 0.3113861 0.1961599 0.05212553 0.1934159 0.05486892 0.1920437\n183 0.3113861 0.1961598 0.05212556 0.1934159 0.05486896 0.1920437\n184 0.3113861 0.1961598 0.05212559 0.1934159 0.05486899 0.1920437\n185 0.3113860 0.1961598 0.05212562 0.1934158 0.05486903 0.1920437\n186 0.3113860 0.1961597 0.05212565 0.1934158 0.05486906 0.1920437\n187 0.3113860 0.1961597 0.05212568 0.1934158 0.05486909 0.1920437\n188 0.3113860 0.1961597 0.05212570 0.1934158 0.05486912 0.1920437\n189 0.3113859 0.1961597 0.05212573 0.1934158 0.05486915 0.1920437\n190 0.3113859 0.1961596 0.05212575 0.1934158 0.05486918 0.1920437\n191 0.3113859 0.1961596 0.05212578 0.1934158 0.05486920 0.1920437\n192 0.3113859 0.1961596 0.05212580 0.1934158 0.05486923 0.1920438\n193 0.3113858 0.1961596 0.05212582 0.1934158 0.05486925 0.1920438\n194 0.3113858 0.1961595 0.05212584 0.1934158 0.05486927 0.1920438\n195 0.3113858 0.1961595 0.05212585 0.1934158 0.05486929 0.1920438\n196 0.3113858 0.1961595 0.05212587 0.1934158 0.05486931 0.1920438\n197 0.3113858 0.1961595 0.05212589 0.1934158 0.05486933 0.1920438\n198 0.3113858 0.1961595 0.05212590 0.1934157 0.05486935 0.1920438\n199 0.3113857 0.1961594 0.05212592 0.1934157 0.05486936 0.1920438\n200 0.3113857 0.1961594 0.05212593 0.1934157 0.05486938 0.1920438\n201 0.3113857 0.1961594 0.05212595 0.1934157 0.05486940 0.1920438\n202 0.3113857 0.1961594 0.05212596 0.1934157 0.05486941 0.1920438\n203 0.3113857 0.1961594 0.05212597 0.1934157 0.05486942 0.1920438\n204 0.3113857 0.1961594 0.05212598 0.1934157 0.05486944 0.1920438\n205 0.3113857 0.1961594 0.05212599 0.1934157 0.05486945 0.1920438\n206 0.3113857 0.1961593 0.05212600 0.1934157 0.05486946 0.1920438\n207 0.3113856 0.1961593 0.05212601 0.1934157 0.05486947 0.1920438\n208 0.3113856 0.1961593 0.05212602 0.1934157 0.05486948 0.1920438\n209 0.3113856 0.1961593 0.05212603 0.1934157 0.05486949 0.1920438\n210 0.3113856 0.1961593 0.05212604 0.1934157 0.05486950 0.1920438\n211 0.3113856 0.1961593 0.05212605 0.1934157 0.05486951 0.1920438\n212 0.3113856 0.1961593 0.05212606 0.1934157 0.05486952 0.1920438\n213 0.3113856 0.1961593 0.05212606 0.1934157 0.05486953 0.1920438\n214 0.3113856 0.1961593 0.05212607 0.1934157 0.05486954 0.1920438\n215 0.3113856 0.1961593 0.05212608 0.1934157 0.05486954 0.1920439\n216 0.3113856 0.1961593 0.05212608 0.1934157 0.05486955 0.1920439\n217 0.3113856 0.1961592 0.05212609 0.1934157 0.05486956 0.1920439\n218 0.3113856 0.1961592 0.05212609 0.1934157 0.05486956 0.1920439\n219 0.3113856 0.1961592 0.05212610 0.1934157 0.05486957 0.1920439\n220 0.3113856 0.1961592 0.05212610 0.1934157 0.05486958 0.1920439\n221 0.3113856 0.1961592 0.05212611 0.1934157 0.05486958 0.1920439\n222 0.3113855 0.1961592 0.05212611 0.1934157 0.05486959 0.1920439\n223 0.3113855 0.1961592 0.05212612 0.1934157 0.05486959 0.1920439\n224 0.3113855 0.1961592 0.05212612 0.1934157 0.05486960 0.1920439\n225 0.3113855 0.1961592 0.05212613 0.1934157 0.05486960 0.1920439\n226 0.3113855 0.1961592 0.05212613 0.1934157 0.05486960 0.1920439\n227 0.3113855 0.1961592 0.05212613 0.1934157 0.05486961 0.1920439\n228 0.3113855 0.1961592 0.05212614 0.1934157 0.05486961 0.1920439\n229 0.3113855 0.1961592 0.05212614 0.1934157 0.05486962 0.1920439\n230 0.3113855 0.1961592 0.05212614 0.1934157 0.05486962 0.1920439\n231 0.3113855 0.1961592 0.05212615 0.1934157 0.05486962 0.1920439\n232 0.3113855 0.1961592 0.05212615 0.1934157 0.05486963 0.1920439\n233 0.3113855 0.1961592 0.05212615 0.1934157 0.05486963 0.1920439\n234 0.3113855 0.1961592 0.05212615 0.1934157 0.05486963 0.1920439\n235 0.3113855 0.1961592 0.05212616 0.1934157 0.05486963 0.1920439\n236 0.3113855 0.1961592 0.05212616 0.1934157 0.05486964 0.1920439\n237 0.3113855 0.1961592 0.05212616 0.1934157 0.05486964 0.1920439\n238 0.3113855 0.1961592 0.05212616 0.1934157 0.05486964 0.1920439\n239 0.3113855 0.1961592 0.05212616 0.1934157 0.05486964 0.1920439\n240 0.3113855 0.1961592 0.05212617 0.1934157 0.05486965 0.1920439\n241 0.3113855 0.1961592 0.05212617 0.1934156 0.05486965 0.1920439\n242 0.3113855 0.1961592 0.05212617 0.1934156 0.05486965 0.1920439\n243 0.3113855 0.1961592 0.05212617 0.1934156 0.05486965 0.1920439\n244 0.3113855 0.1961592 0.05212617 0.1934156 0.05486965 0.1920439\n245 0.3113855 0.1961592 0.05212617 0.1934156 0.05486965 0.1920439\n246 0.3113855 0.1961592 0.05212617 0.1934156 0.05486966 0.1920439\n247 0.3113855 0.1961591 0.05212618 0.1934156 0.05486966 0.1920439\n248 0.3113855 0.1961591 0.05212618 0.1934156 0.05486966 0.1920439\n249 0.3113855 0.1961591 0.05212618 0.1934156 0.05486966 0.1920439\n250 0.3113855 0.1961591 0.05212618 0.1934156 0.05486966 0.1920439\n251 0.3113855 0.1961591 0.05212618 0.1934156 0.05486966 0.1920439\n\n$MNE_2012$plur_v_vec\n           V1        V2         V3        V4           V5           V6\n1   0.3182442 0.2043896 0.04526749 0.2194787 4.663923e-02 1.659808e-01\n2   0.3163923 0.2082305 0.05332647 0.2188272 4.492455e-02 1.582990e-01\n3   0.3146331 0.2118793 0.06108539 0.2183110 4.319273e-02 1.508985e-01\n4   0.3130646 0.2154486 0.06876500 0.2181294 4.113597e-02 1.434564e-01\n5   